3750.000  23.58122
3751.252  23.69624
3752.505  23.70492
3753.757  23.61982
3755.010  23.52246
3756.262  23.56895
3757.515  23.76188
3758.767  23.87971
3760.019  23.85335
3761.272  23.73876
3762.524  23.7045
3763.777  23.73593
3765.029  23.85468
3766.282  23.95863
3767.534  24.065
3768.786  23.74136
3770.039  23.69052
3771.291  23.77363
3772.544  23.61753
3773.796  23.50124
3775.049  23.49976
3776.301  23.47491
3777.553  23.52243
3778.806  23.5813
3780.058  23.46292
3781.311  23.46726
3782.563  23.48749
3783.816  23.50606
3785.068  23.53041
3786.320  23.63147
3787.573  23.68927
3788.825  23.61422
3790.078  23.69095
3791.330  23.57048
3792.583  23.62491
3793.835  23.53641
3795.087  23.69598
3796.340  23.79914
3797.592  23.78799
3798.845  23.71189
3800.097  23.64587
3801.350  23.59757
3802.602  23.68586
3803.854  23.69886
3805.107  23.62952
3806.359  23.58456
3807.612  23.61716
3808.864  23.74201
3810.117  23.62545
3811.369  23.49328
3812.621  23.42525
3813.874  23.36225
3815.126  23.38705
3816.379  23.39535
3817.631  23.36777
3818.884  23.37538
3820.136  23.39454
3821.388  23.5016
3822.641  23.53968
3823.893  23.47964
3825.146  23.38474
3826.398  23.48676
3827.651  23.3709
3828.903  23.20362
3830.155  23.19365
3831.408  23.16853
3832.660  23.15652
3833.913  23.17632
3835.165  23.22923
3836.418  23.32139
3837.670  23.39238
3838.922  23.42242
3840.175  23.4392
3841.427  23.38482
3842.680  23.21159
3843.932  23.21612
3845.185  23.20748
3846.437  23.19631
3847.689  23.24439
3848.942  23.2671
3850.194  23.35499
3851.447  23.44887
3852.699  23.47273
3853.952  23.54156
3855.204  23.57872
3856.457  23.6205
3857.709  23.70234
3858.961  23.73451
3860.214  23.73987
3861.466  23.74621
3862.719  23.59141
3863.971  23.53782
3865.224  23.51939
3866.476  23.69589
3867.728  23.79303
3868.981  23.68917
3870.233  23.69276
3871.486  23.70459
3872.738  23.72783
3873.991  23.6778
3875.243  23.6277
3876.495  23.60049
3877.748  23.60292
3879.000  23.72481
3880.253  23.8273
3881.505  23.8516
3882.758  23.8499
3884.010  23.92208
3885.262  23.98851
3886.515  23.89952
3887.767  23.90088
3889.020  23.96987
3890.272  23.84633
3891.525  23.68493
3892.777  23.68752
3894.029  23.68322
3895.282  23.54361
3896.534  23.4656
3897.787  23.55554
3899.039  23.50127
3900.292  23.44716
3901.544  23.36527
3902.796  23.28594
3904.049  23.14234
3905.301  23.03326
3906.554  22.95156
3907.806  22.90063
3909.059  22.86387
3910.311  22.85976
3911.563  22.89931
3912.816  22.94845
3914.068  23.00371
3915.321  23.08922
3916.573  23.17612
3917.826  23.21291
3919.078  23.29496
3920.330  23.40052
3921.583  23.48112
3922.835  23.53499
3924.088  23.58038
3925.340  23.63512
3926.593  23.72043
3927.845  23.76668
3929.097  23.88086
3930.350  23.99029
3931.602  24.01484
3932.855  23.95527
3934.107  23.94866
3935.360  23.92799
3936.612  23.75849
3937.864  23.54334
3939.117  23.36505
3940.369  23.36729
3941.622  23.15305
3942.874  23.10321
3944.127  23.0883
3945.379  23.12462
3946.631  23.14241
3947.884  23.1525
3949.136  23.17064
3950.389  23.20196
3951.641  23.21386
3952.894  23.2295
3954.146  23.31267
3955.398  23.38001
3956.651  23.2749
3957.903  23.42927
3959.156  23.4926
3960.408  23.51864
3961.661  23.55303
3962.913  23.71646
3964.165  23.8791
3965.418  24.03719
3966.670  24.18336
3967.923  24.21234
3969.175  24.06647
3970.428  23.964
3971.680  23.79444
3972.932  23.58445
3974.185  23.45239
3975.437  23.34995
3976.690  23.30818
3977.942  23.27039
3979.195  23.20449
3980.447  23.17977
3981.699  23.1973
3982.952  23.22303
3984.204  23.22534
3985.457  23.21284
3986.709  23.202
3987.962  23.25169
3989.214  23.25366
3990.466  23.20853
3991.719  23.18211
3992.971  23.24589
3994.224  23.15742
3995.476  23.23442
3996.729  23.20908
3997.981  23.16926
3999.233  23.15772
4000.486  23.14406
4001.738  23.1062
4002.991  23.14041
4004.243  23.13248
4005.496  23.02189
4006.748  22.92679
4008.000  22.88358
4009.253  22.83574
4010.505  22.79006
4011.758  22.80605
4013.010  22.86572
4014.263  22.88096
4015.515  22.87492
4016.767  22.89609
4018.020  22.85668
4019.272  22.83635
4020.525  22.87872
4021.777  22.9023
4023.030  22.91619
4024.282  22.95225
4025.534  22.95729
4026.787  22.92452
4028.039  22.96581
4029.292  23.01604
4030.544  23.01122
4031.797  23.0297
4033.049  23.04534
4034.301  23.05002
4035.554  22.96924
4036.806  22.90076
4038.059  22.85535
4039.311  22.78156
4040.564  22.73667
4041.816  22.67417
4043.068  22.56609
4044.321  22.47401
4045.573  22.43515
4046.826  22.43444
4048.078  22.45266
4049.331  22.51936
4050.583  22.61182
4051.836  22.7244
4053.088  22.7912
4054.340  22.84159
4055.593  22.86295
4056.845  22.84369
4058.098  22.83143
4059.350  22.80257
4060.603  22.74125
4061.855  22.69579
4063.107  22.65871
4064.360  22.62788
4065.612  22.61494
4066.865  22.60627
4068.117  22.63057
4069.370  22.66133
4070.622  22.69503
4071.874  22.72102
4073.127  22.70524
4074.379  22.67311
4075.632  22.68511
4076.884  22.68567
4078.137  22.65395
4079.389  22.63898
4080.641  22.66459
4081.894  22.67676
4083.146  22.704
4084.399  22.73616
4085.651  22.74922
4086.904  22.77752
4088.156  22.79674
4089.408  22.81107
4090.661  22.81125
4091.913  22.83534
4093.166  22.88693
4094.418  22.88898
4095.671  22.90956
4096.923  22.9548
4098.175  22.97898
4099.428  23.03815
4100.680  23.07859
4101.933  23.10876
4103.185  23.11735
4104.438  23.09763
4105.690  23.03152
4106.942  22.98669
4108.195  22.99386
4109.447  22.98965
4110.700  22.97076
4111.952  22.93888
4113.205  22.9516
4114.457  22.94804
4115.709  22.9379
4116.962  22.93461
4118.214  22.93487
4119.467  22.9134
4120.719  22.86199
4121.972  22.83184
4123.224  22.79347
4124.476  22.75808
4125.729  22.78326
4126.981  22.80562
4128.234  22.78663
4129.486  22.7982
4130.739  22.79731
4131.991  22.78311
4133.243  22.77376
4134.496  22.71856
4135.748  22.70367
4137.001  22.7201
4138.253  22.76056
4139.506  22.79679
4140.758  22.83869
4142.010  22.85084
4143.263  22.85459
4144.515  22.8977
4145.768  22.94501
4147.020  22.91983
4148.273  22.8931
4149.525  22.85492
4150.777  22.8225
4152.030  22.78443
4153.282  22.74702
4154.535  22.71765
4155.787  22.68473
4157.040  22.65789
4158.292  22.61466
4159.544  22.58624
4160.797  22.56191
4162.049  22.52667
4163.302  22.50085
4164.554  22.46692
4165.807  22.42119
4167.059  22.40921
4168.311  22.43437
4169.564  22.46138
4170.816  22.48569
4172.069  22.52895
4173.321  22.57843
4174.574  22.60207
4175.826  22.61815
4177.078  22.63108
4178.331  22.6346
4179.583  22.65445
4180.836  22.69562
4182.088  22.71354
4183.341  22.7302
4184.593  22.76795
4185.845  22.77877
4187.098  22.77888
4188.350  22.79565
4189.603  22.811
4190.855  22.79791
4192.108  22.79865
4193.360  22.80223
4194.612  22.83649
4195.865  22.87601
4197.117  22.90874
4198.370  22.93728
4199.622  22.96206
4200.875  22.9347
4202.127  22.90621
4203.379  22.88294
4204.632  22.85037
4205.884  22.80237
4207.137  22.82247
4208.389  22.82595
4209.642  22.80768
4210.894  22.82871
4212.146  22.85124
4213.399  22.81995
4214.651  22.81934
4215.904  22.84962
4217.156  22.87548
4218.409  22.88969
4219.661  22.88197
4220.913  22.89567
4222.166  22.92713
4223.418  22.97214
4224.671  22.97657
4225.923  22.9825
4227.176  22.99688
4228.428  22.97042
4229.680  22.96848
4230.933  22.94716
4232.185  22.92062
4233.438  22.8957
4234.690  22.91299
4235.943  22.93945
4237.195  22.91466
4238.447  22.90958
4239.700  22.89983
4240.952  22.90393
4242.205  22.89364
4243.457  22.83305
4244.710  22.77091
4245.962  22.73225
4247.215  22.70578
4248.467  22.68085
4249.719  22.6979
4250.972  22.72292
4252.224  22.74442
4253.477  22.73917
4254.729  22.70559
4255.982  22.71864
4257.234  22.75696
4258.486  22.79079
4259.739  22.77968
4260.991  22.78066
4262.244  22.79512
4263.496  22.79263
4264.749  22.77364
4266.001  22.74122
4267.253  22.74604
4268.506  22.77119
4269.758  22.79692
4271.011  22.83105
4272.263  22.83693
4273.516  22.81199
4274.768  22.79032
4276.020  22.79027
4277.273  22.77689
4278.525  22.75334
4279.778  22.77614
4281.030  22.79117
4282.283  22.79927
4283.535  22.81389
4284.787  22.81267
4286.040  22.83801
4287.292  22.88965
4288.545  22.89014
4289.797  22.87408
4291.050  22.83246
4292.302  22.81482
4293.554  22.79959
4294.807  22.80668
4296.059  22.82756
4297.312  22.88326
4298.564  22.9362
4299.817  22.95522
4301.069  23.00045
4302.321  23.01031
4303.574  22.9698
4304.826  22.95801
4306.079  22.93178
4307.331  22.89632
4308.584  22.87136
4309.836  22.8133
4311.088  22.76273
4312.341  22.69395
4313.593  22.62852
4314.846  22.58182
4316.098  22.54175
4317.351  22.54147
4318.603  22.56209
4319.855  22.58239
4321.108  22.64236
4322.360  22.70581
4323.613  22.72132
4324.865  22.76111
4326.118  22.77293
4327.370  22.76045
4328.622  22.75688
4329.875  22.73615
4331.127  22.72172
4332.380  22.72326
4333.632  22.73508
4334.885  22.75034
4336.137  22.79906
4337.389  22.81897
4338.642  22.82958
4339.894  22.84805
4341.147  22.82729
4342.399  22.79117
4343.652  22.74454
4344.904  22.69277
4346.156  22.66197
4347.409  22.64396
4348.661  22.66027
4349.914  22.67093
4351.166  22.6514
4352.419  22.59772
4353.671  22.44054
4354.923  22.2058
4356.176  22.00461
4357.428  21.88572
4358.681  21.85748
4359.933  21.91592
4361.186  22.07526
4362.438  22.29353
4363.690  22.48772
4364.943  22.59743
4366.195  22.63314
4367.448  22.6496
4368.700  22.66542
4369.953  22.66748
4371.205  22.66946
4372.457  22.65273
4373.710  22.62372
4374.962  22.61831
4376.215  22.60422
4377.467  22.59078
4378.720  22.62558
4379.972  22.67764
4381.224  22.69842
4382.477  22.72722
4383.729  22.76247
4384.982  22.76573
4386.234  22.74332
4387.487  22.72397
4388.739  22.71071
4389.991  22.70243
4391.244  22.69932
4392.496  22.6898
4393.749  22.67298
4395.001  22.65589
4396.254  22.64604
4397.506  22.62778
4398.758  22.59013
4400.011  22.55934
4401.263  22.52654
4402.516  22.49933
4403.768  22.473
4405.021  22.4413
4406.273  22.39825
4407.525  22.3675
4408.778  22.35449
4410.030  22.34483
4411.283  22.35371
4412.535  22.3625
4413.788  22.36198
4415.040  22.36063
4416.292  22.35701
4417.545  22.35038
4418.797  22.35058
4420.050  22.35196
4421.302  22.36959
4422.555  22.37415
4423.807  22.37727
4425.059  22.39448
4426.312  22.40972
4427.564  22.41109
4428.817  22.43341
4430.069  22.45762
4431.322  22.48383
4432.574  22.50625
4433.826  22.50231
4435.079  22.50371
4436.331  22.49025
4437.584  22.47506
4438.836  22.46191
4440.089  22.45974
4441.341  22.47325
4442.594  22.49867
4443.846  22.51022
4445.098  22.50505
4446.351  22.48553
4447.603  22.49483
4448.856  22.51377
4450.108  22.52698
4451.361  22.54245
4452.613  22.561
4453.865  22.58853
4455.118  22.62865
4456.370  22.62954
4457.623  22.64376
4458.875  22.65714
4460.128  22.66537
4461.380  22.64359
4462.632  22.62096
4463.885  22.60199
4465.137  22.59894
4466.390  22.60222
4467.642  22.60978
4468.895  22.60947
4470.147  22.61196
4471.399  22.59425
4472.652  22.57297
4473.904  22.55871
4475.157  22.53767
4476.409  22.54893
4477.662  22.57918
4478.914  22.5892
4480.166  22.57976
4481.419  22.56236
4482.671  22.54073
4483.924  22.54107
4485.176  22.53168
4486.429  22.53068
4487.681  22.53584
4488.933  22.5426
4490.186  22.54382
4491.438  22.52738
4492.691  22.51794
4493.943  22.5046
4495.196  22.48396
4496.448  22.49668
4497.700  22.50257
4498.953  22.49996
4500.205  22.49486
4501.458  22.49026
4502.710  22.49161
4503.963  22.46925
4505.215  22.47064
4506.467  22.47301
4507.720  22.45903
4508.972  22.47952
4510.225  22.484
4511.477  22.47767
4512.730  22.50251
4513.982  22.53582
4515.234  22.51845
4516.487  22.49591
4517.739  22.49804
4518.992  22.49125
4520.244  22.45961
4521.497  22.44131
4522.749  22.44174
4524.001  22.45097
4525.254  22.46861
4526.506  22.45473
4527.759  22.43154
4529.011  22.41828
4530.264  22.39995
4531.516  22.37855
4532.768  22.3751
4534.021  22.37222
4535.273  22.35842
4536.526  22.34956
4537.778  22.36438
4539.031  22.36272
4540.283  22.3411
4541.535  22.34227
4542.788  22.34584
4544.040  22.33224
4545.293  22.33725
4546.545  22.35562
4547.798  22.35786
4549.050  22.36674
4550.302  22.38889
4551.555  22.40552
4552.807  22.41519
4554.060  22.41685
4555.312  22.42697
4556.565  22.43027
4557.817  22.42308
4559.069  22.4236
4560.322  22.43466
4561.574  22.44545
4562.827  22.44687
4564.079  22.4687
4565.332  22.48595
4566.584  22.47805
4567.836  22.46646
4569.089  22.46986
4570.341  22.47395
4571.594  22.47488
4572.846  22.47151
4574.099  22.45451
4575.351  22.42993
4576.603  22.41332
4577.856  22.39676
4579.108  22.39294
4580.361  22.40284
4581.613  22.40644
4582.866  22.40788
4584.118  22.4132
4585.370  22.41957
4586.623  22.42438
4587.875  22.42086
4589.128  22.42364
4590.380  22.44311
4591.633  22.46097
4592.885  22.48
4594.137  22.49101
4595.390  22.48096
4596.642  22.47821
4597.895  22.48022
4599.147  22.48049
4600.400  22.47352
4601.652  22.47429
4602.904  22.48276
4604.157  22.49064
4605.409  22.49044
4606.662  22.46563
4607.914  22.45006
4609.167  22.46022
4610.419  22.44443
4611.671  22.44905
4612.924  22.48016
4614.176  22.50064
4615.429  22.49082
4616.681  22.48187
4617.934  22.47631
4619.186  22.46646
4620.438  22.47519
4621.691  22.48687
4622.943  22.46379
4624.196  22.45892
4625.448  22.4559
4626.701  22.45797
4627.953  22.46981
4629.205  22.47171
4630.458  22.46779
4631.710  22.47279
4632.963  22.46942
4634.215  22.50112
4635.468  22.51283
4636.720  22.50837
4637.973  22.50187
4639.225  22.49348
4640.477  22.50117
4641.730  22.49521
4642.982  22.51757
4644.235  22.53553
4645.487  22.53144
4646.740  22.52519
4647.992  22.52258
4649.244  22.51315
4650.497  22.50601
4651.749  22.48189
4653.002  22.46553
4654.254  22.42891
4655.507  22.39731
4656.759  22.36355
4658.011  22.32508
4659.264  22.30794
4660.516  22.29081
4661.769  22.28261
4663.021  22.2883
4664.274  22.30884
4665.526  22.33903
4666.778  22.35533
4668.031  22.35089
4669.283  22.32867
4670.536  22.31135
4671.788  22.29469
4673.041  22.2892
4674.293  22.27572
4675.545  22.28024
4676.798  22.23799
4678.050  22.29714
4679.303  22.27504
4680.555  22.34944
4681.808  22.35229
4683.060  22.33605
4684.312  22.33164
4685.565  22.34677
4686.817  22.35477
4688.070  22.36666
4689.322  22.37858
4690.575  22.38426
4691.827  22.37459
4693.079  22.38388
4694.332  22.38523
4695.584  22.40083
4696.837  22.40476
4698.089  22.42243
4699.342  22.43291
4700.594  22.43252
4701.846  22.44357
4703.099  22.43949
4704.351  22.41854
4705.604  22.40685
4706.856  22.39551
4708.109  22.38763
4709.361  22.37785
4710.613  22.38352
4711.866  22.38588
4713.118  22.37818
4714.371  22.38031
4715.623  22.38904
4716.876  22.39139
4718.128  22.38097
4719.380  22.37302
4720.633  22.37047
4721.885  22.38509
4723.138  22.38911
4724.390  22.38918
4725.643  22.37869
4726.895  22.37779
4728.147  22.39583
4729.400  22.40113
4730.652  22.40417
4731.905  22.39725
4733.157  22.38698
4734.410  22.38951
4735.662  22.37786
4736.914  22.35179
4738.167  22.33079
4739.419  22.33537
4740.672  22.32771
4741.924  22.32265
4743.177  22.33464
4744.429  22.3456
4745.681  22.36277
4746.934  22.37618
4748.186  22.38091
4749.439  22.38623
4750.691  22.38528
4751.944  22.4014
4753.196  22.42123
4754.448  22.41534
4755.701  22.41613
4756.953  22.42893
4758.206  22.44247
4759.458  22.44286
4760.711  22.45826
4761.963  22.47098
4763.215  22.46494
4764.468  22.46545
4765.720  22.47718
4766.973  22.47412
4768.225  22.46766
4769.478  22.46079
4770.730  22.46005
4771.982  22.4474
4773.235  22.4433
4774.487  22.42581
4775.740  22.40653
4776.992  22.41045
4778.245  22.41063
4779.497  22.40277
4780.749  22.3959
4782.002  22.41401
4783.254  22.42251
4784.507  22.42332
4785.759  22.42379
4787.012  22.42536
4788.264  22.42242
4789.516  22.41469
4790.769  22.40021
4792.021  22.3899
4793.274  22.38091
4794.526  22.37322
4795.779  22.37416
4797.031  22.38938
4798.283  22.40211
4799.536  22.39679
4800.788  22.38984
4802.041  22.38703
4803.293  22.37449
4804.546  22.36752
4805.798  22.38807
4807.050  22.38983
4808.303  22.38036
4809.555  22.37871
4810.808  22.37492
4812.060  22.36902
4813.313  22.34106
4814.565  22.29812
4815.817  22.26205
4817.070  22.22725
4818.322  22.2024
4819.575  22.19624
4820.827  22.19664
4822.080  22.20038
4823.332  22.20441
4824.584  22.20757
4825.837  22.20614
4827.089  22.2065
4828.342  22.19966
4829.594  22.18983
4830.847  22.18905
4832.099  22.19462
4833.352  22.18559
4834.604  22.17101
4835.856  22.17473
4837.109  22.1834
4838.361  22.18322
4839.614  22.18285
4840.866  22.19958
4842.119  22.21723
4843.371  22.22397
4844.623  22.2274
4845.876  22.24046
4847.128  22.25061
4848.381  22.26684
4849.633  22.28237
4850.886  22.289
4852.138  22.31147
4853.390  22.33405
4854.643  22.35947
4855.895  22.38232
4857.148  22.39779
4858.400  22.39001
4859.653  22.38181
4860.905  22.38792
4862.157  22.39091
4863.410  22.38662
4864.662  22.39221
4865.915  22.3867
4867.167  22.36386
4868.420  22.35893
4869.672  22.36921
4870.924  22.37639
4872.177  22.40152
4873.429  22.40702
4874.682  22.37271
4875.934  22.33983
4877.187  22.31405
4878.439  22.28057
4879.691  22.25748
4880.944  22.24816
4882.196  22.25
4883.449  22.25625
4884.701  22.25464
4885.954  22.27447
4887.206  22.2863
4888.458  22.29487
4889.711  22.30534
4890.963  22.30048
4892.216  22.29208
4893.468  22.29168
4894.721  22.29566
4895.973  22.28436
4897.225  22.27589
4898.478  22.27946
4899.730  22.28648
4900.983  22.30039
4902.235  22.3027
4903.488  22.29911
4904.740  22.29504
4905.992  22.29766
4907.245  22.31867
4908.497  22.32355
4909.750  22.32845
4911.002  22.33368
4912.255  22.31736
4913.507  22.31362
4914.759  22.317
4916.012  22.32788
4917.264  22.35985
4918.517  22.38878
4919.769  22.39768
4921.022  22.39269
4922.274  22.37512
4923.526  22.36006
4924.779  22.34329
4926.031  22.3284
4927.284  22.33082
4928.536  22.33218
4929.789  22.33101
4931.041  22.31901
4932.293  22.31491
4933.546  22.32475
4934.798  22.33205
4936.051  22.3364
4937.303  22.33623
4938.556  22.33099
4939.808  22.32369
4941.060  22.31101
4942.313  22.30492
4943.565  22.30931
4944.818  22.31014
4946.070  22.30607
4947.323  22.30077
4948.575  22.29823
4949.827  22.28475
4951.080  22.26828
4952.332  22.27007
4953.585  22.28863
4954.837  22.30277
4956.090  22.31808
4957.342  22.32706
4958.594  22.3158
4959.847  22.30498
4961.099  22.28576
4962.352  22.25735
4963.604  22.24366
4964.857  22.23111
4966.109  22.22346
4967.361  22.21525
4968.614  22.19621
4969.866  22.18275
4971.119  22.16923
4972.371  22.14709
4973.624  22.11566
4974.876  22.09389
4976.128  22.08436
4977.381  22.0646
4978.633  22.04262
4979.886  22.03987
4981.138  22.04673
4982.391  22.04469
4983.643  22.03996
4984.895  22.05017
4986.148  22.05957
4987.400  22.06377
4988.653  22.0762
4989.905  22.09263
4991.158  22.09793
4992.410  22.1054
4993.662  22.12992
4994.915  22.16411
4996.167  22.18644
4997.420  22.20123
4998.672  22.22371
4999.925  22.23895
5001.177  22.24481
5002.429  22.24955
5003.682  22.24475
5004.934  22.24714
5006.187  22.26133
5007.439  22.27651
5008.692  22.27754
5009.944  22.28117
5011.196  22.30375
5012.449  22.31421
5013.701  22.3253
5014.954  22.33694
5016.206  22.33191
5017.459  22.32169
5018.711  22.31312
5019.963  22.31314
5021.216  22.32378
5022.468  22.32309
5023.721  22.32529
5024.973  22.32899
5026.226  22.32548
5027.478  22.32433
5028.731  22.31036
5029.983  22.29648
5031.235  22.29656
5032.488  22.30126
5033.740  22.3166
5034.993  22.32982
5036.245  22.34532
5037.498  22.36887
5038.750  22.38338
5040.002  22.3832
5041.255  22.38017
5042.507  22.37131
5043.760  22.35639
5045.012  22.33724
5046.265  22.32988
5047.517  22.3362
5048.769  22.34639
5050.022  22.36377
5051.274  22.36883
5052.527  22.36084
5053.779  22.34965
5055.032  22.3343
5056.284  22.31825
5057.536  22.30694
5058.789  22.30605
5060.041  22.30659
5061.294  22.30547
5062.546  22.30512
5063.799  22.30723
5065.051  22.30377
5066.303  22.28967
5067.556  22.27455
5068.808  22.28533
5070.061  22.29854
5071.313  22.29864
5072.566  22.30643
5073.818  22.32917
5075.070  22.33916
5076.323  22.32049
5077.575  22.31158
5078.828  22.29778
5080.080  22.26078
5081.333  22.21272
5082.585  22.1669
5083.837  22.14147
5085.090  22.13771
5086.342  22.13991
5087.595  22.15634
5088.847  22.18983
5090.100  22.2283
5091.352  22.24696
5092.604  22.26026
5093.857  22.27142
5095.109  22.27908
5096.362  22.28581
5097.614  22.28719
5098.867  22.28378
5100.119  22.28183
5101.371  22.28535
5102.624  22.28537
5103.876  22.29957
5105.129  22.32878
5106.381  22.33946
5107.634  22.34056
5108.886  22.34371
5110.138  22.33787
5111.391  22.33369
5112.643  22.3217
5113.896  22.30234
5115.148  22.28604
5116.401  22.27027
5117.653  22.27952
5118.905  22.29983
5120.158  22.31506
5121.410  22.32625
5122.663  22.33346
5123.915  22.34824
5125.168  22.35471
5126.420  22.34929
5127.672  22.34643
5128.925  22.32426
5130.177  22.2905
5131.430  22.26359
5132.682  22.23986
5133.935  22.22137
5135.187  22.21473
5136.439  22.22204
5137.692  22.22674
5138.944  22.23441
5140.197  22.23668
5141.449  22.23019
5142.702  22.2143
5143.954  22.20748
5145.206  22.20343
5146.459  22.19911
5147.711  22.18125
5148.964  22.16294
5150.216  22.14989
5151.469  22.13725
5152.721  22.12421
5153.973  22.12735
5155.226  22.13438
5156.478  22.13841
5157.731  22.15609
5158.983  22.17112
5160.236  22.19548
5161.488  22.22509
5162.740  22.24788
5163.993  22.28258
5165.245  22.32376
5166.498  22.36458
5167.750  22.38503
5169.003  22.40339
5170.255  22.43318
5171.507  22.41697
5172.760  22.39659
5174.012  22.36571
5175.265  22.33543
5176.517  22.30935
5177.770  22.29524
5179.022  22.29983
5180.274  22.31682
5181.527  22.3513
5182.779  22.38109
5184.032  22.3752
5185.284  22.34327
5186.537  22.28838
5187.789  22.23977
5189.041  22.2307
5190.294  22.24045
5191.546  22.25937
5192.799  22.26485
5194.051  22.23198
5195.304  22.18026
5196.556  22.11621
5197.808  22.0734
5199.061  22.05398
5200.313  22.04839
5201.566  22.0781
5202.818  22.13616
5204.071  22.18966
5205.323  22.23699
5206.575  22.26534
5207.828  22.26634
5209.080  22.2535
5210.333  22.23477
5211.585  22.2294
5212.838  22.2391
5214.090  22.24388
5215.342  22.23708
5216.595  22.22506
5217.847  22.19842
5219.100  22.1751
5220.352  22.15717
5221.605  22.14667
5222.857  22.15928
5224.110  22.18149
5225.362  22.21034
5226.614  22.23497
5227.867  22.25358
5229.119  22.25174
5230.372  22.25032
5231.624  22.24384
5232.877  22.24499
5234.129  22.22997
5235.381  22.19711
5236.634  22.1632
5237.886  22.14747
5239.139  22.14518
5240.391  22.16397
5241.644  22.19817
5242.896  22.22045
5244.148  22.23642
5245.401  22.24695
5246.653  22.23809
5247.906  22.22407
5249.158  22.2328
5250.411  22.2414
5251.663  22.22901
5252.915  22.19443
5254.168  22.16758
5255.420  22.15483
5256.673  22.14783
5257.925  22.15071
5259.178  22.18703
5260.430  22.23066
5261.682  22.27968
5262.935  22.32988
5264.187  22.35869
5265.440  22.36791
5266.692  22.3829
5267.945  22.38403
5269.197  22.36341
5270.449  22.33404
5271.702  22.30264
5272.954  22.27286
5274.207  22.23413
5275.459  22.20663
5276.712  22.20595
5277.964  22.22014
5279.216  22.235
5280.469  22.25687
5281.721  22.26361
5282.974  22.26149
5284.226  22.2486
5285.479  22.23989
5286.731  22.2255
5287.983  22.20101
5289.236  22.19819
5290.488  22.19508
5291.741  22.18913
5292.993  22.18734
5294.246  22.19244
5295.498  22.18727
5296.750  22.19263
5298.003  22.19897
5299.255  22.17929
5300.508  22.17208
5301.760  22.1641
5303.013  22.15394
5304.265  22.15308
5305.517  22.14371
5306.770  22.13862
5308.022  22.13207
5309.275  22.1323
5310.527  22.1291
5311.780  22.12679
5313.032  22.12259
5314.284  22.12866
5315.537  22.12836
5316.789  22.13184
5318.042  22.13392
5319.294  22.12937
5320.547  22.12362
5321.799  22.12421
5323.051  22.13405
5324.304  22.15429
5325.556  22.15902
5326.809  22.16657
5328.061  22.16855
5329.314  22.15118
5330.566  22.12962
5331.818  22.11222
5333.071  22.10066
5334.323  22.09731
5335.576  22.10226
5336.828  22.11461
5338.081  22.12394
5339.333  22.13032
5340.585  22.12826
5341.838  22.13293
5343.090  22.13556
5344.343  22.12193
5345.595  22.11308
5346.848  22.10438
5348.100  22.09634
5349.352  22.09083
5350.605  22.08955
5351.857  22.08652
5353.110  22.07822
5354.362  22.07474
5355.615  22.06951
5356.867  22.06442
5358.119  22.08161
5359.372  22.1049
5360.624  22.12626
5361.877  22.14567
5363.129  22.16913
5364.382  22.17031
5365.634  22.16339
5366.886  22.15577
5368.139  22.15341
5369.391  22.15467
5370.644  22.15151
5371.896  22.13871
5373.149  22.12626
5374.401  22.10433
5375.653  22.08752
5376.906  22.085
5378.158  22.09868
5379.411  22.12125
5380.663  22.1233
5381.916  22.12823
5383.168  22.13381
5384.420  22.13214
5385.673  22.13969
5386.925  22.13193
5388.178  22.1225
5389.430  22.11749
5390.683  22.1105
5391.935  22.11231
5393.187  22.12557
5394.440  22.13891
5395.692  22.14507
5396.945  22.15298
5398.197  22.15328
5399.450  22.14956
5400.702  22.14723
5401.954  22.15049
5403.207  22.15759
5404.459  22.16088
5405.712  22.15216
5406.964  22.14053
5408.217  22.13857
5409.469  22.12366
5410.721  22.10708
5411.974  22.08332
5413.226  22.05707
5414.479  22.04801
5415.731  22.04427
5416.984  22.02689
5418.236  22.01632
5419.489  22.02497
5420.741  22.03024
5421.993  22.03467
5423.246  22.03802
5424.498  22.03739
5425.751  22.04106
5427.003  22.0483
5428.256  22.04598
5429.508  22.0413
5430.760  22.04878
5432.013  22.04839
5433.265  22.04387
5434.518  22.03116
5435.770  22.0195
5437.023  22.0115
5438.275  22.00426
5439.527  21.99875
5440.780  21.99385
5442.032  22.00143
5443.285  21.99889
5444.537  21.99515
5445.790  22.00624
5447.042  22.00985
5448.294  22.00374
5449.547  21.99082
5450.799  21.97444
5452.052  21.98522
5453.304  21.99153
5454.557  21.9577
5455.809  21.85205
5457.061  21.6694
5458.314  21.48891
5459.566  21.36486
5460.819  21.32177
5462.071  21.36154
5463.324  21.48388
5464.576  21.65797
5465.828  21.81232
5467.081  21.90418
5468.333  21.94929
5469.586  21.97047
5470.838  21.9856
5472.091  21.99293
5473.343  21.99467
5474.595  22.0089
5475.848  22.01991
5477.100  22.01712
5478.353  22.01546
5479.605  22.00261
5480.858  21.96271
5482.110  21.93836
5483.362  21.93679
5484.615  21.93939
5485.867  21.9506
5487.120  21.97213
5488.372  21.98932
5489.625  21.99775
5490.877  22.00575
5492.129  22.00682
5493.382  22.00145
5494.634  21.99739
5495.887  21.99127
5497.139  21.98494
5498.392  21.97503
5499.644  21.96441
5500.896  21.96143
5502.149  21.97557
5503.401  21.9852
5504.654  21.9838
5505.906  21.98545
5507.159  21.98153
5508.411  21.97386
5509.663  21.96966
5510.916  21.95333
5512.168  21.94554
5513.421  21.94625
5514.673  21.9337
5515.926  21.93077
5517.178  21.92395
5518.430  21.91841
5519.683  21.91557
5520.935  21.91676
5522.188  21.92519
5523.440  21.93298
5524.693  21.95281
5525.945  21.97538
5527.197  21.98564
5528.450  21.98554
5529.702  21.98424
5530.955  21.98512
5532.207  21.98177
5533.460  21.98316
5534.712  21.97961
5535.964  21.96995
5537.217  21.96102
5538.469  21.93755
5539.722  21.90618
5540.974  21.87862
5542.227  21.85782
5543.479  21.84641
5544.731  21.85006
5545.984  21.85638
5547.236  21.86896
5548.489  21.88467
5549.741  21.89568
5550.994  21.89977
5552.246  21.90682
5553.498  21.90868
5554.751  21.91282
5556.003  21.91281
5557.256  21.90199
5558.508  21.89322
5559.761  21.86804
5561.013  21.82572
5562.265  21.79932
5563.518  21.7769
5564.770  21.76626
5566.023  21.76617
5567.275  21.76011
5568.528  21.69563
5569.780  21.65176
5571.032  21.22813
5572.285  20.26649
5573.537  19.57871
5574.790  18.98273
5576.042  18.68549
5577.295  18.59702
5578.547  18.6743
5579.799  18.97017
5581.052  19.5523
5582.304  20.3699
5583.557  21.15452
5584.809  21.52013
5586.062  21.71585
5587.314  21.77762
5588.566  21.79347
5589.819  21.80751
5591.071  21.82851
5592.324  21.84945
5593.576  21.87247
5594.829  21.88535
5596.081  21.88281
5597.333  21.87988
5598.586  21.88547
5599.838  21.88523
5601.091  21.87164
5602.343  21.84395
5603.596  21.81575
5604.848  21.79462
5606.100  21.79486
5607.353  21.81306
5608.605  21.85231
5609.858  21.88343
5611.110  21.898
5612.363  21.90343
5613.615  21.90782
5614.867  21.9215
5616.120  21.92441
5617.372  21.9117
5618.625  21.89635
5619.877  21.88433
5621.130  21.87061
5622.382  21.85207
5623.635  21.8517
5624.887  21.86445
5626.139  21.88207
5627.392  21.90015
5628.644  21.91514
5629.897  21.91659
5631.149  21.91915
5632.402  21.93069
5633.654  21.93297
5634.906  21.92564
5636.159  21.92343
5637.411  21.92182
5638.664  21.91199
5639.916  21.90079
5641.169  21.89248
5642.421  21.88007
5643.673  21.86936
5644.926  21.85852
5646.178  21.85168
5647.431  21.85658
5648.683  21.87175
5649.936  21.88203
5651.188  21.89513
5652.440  21.90261
5653.693  21.90006
5654.945  21.89815
5656.198  21.89556
5657.450  21.89002
5658.703  21.8787
5659.955  21.87063
5661.207  21.85391
5662.460  21.82506
5663.712  21.78852
5664.965  21.74816
5666.217  21.70732
5667.470  21.67676
5668.722  21.6573
5669.974  21.63969
5671.227  21.62879
5672.479  21.62486
5673.732  21.62188
5674.984  21.58193
5676.237  21.55026
5677.489  21.54101
5678.741  21.51309
5679.994  21.47441
5681.246  21.42666
5682.499  21.36385
5683.751  21.29568
5685.004  21.2388
5686.256  21.19985
5687.508  21.17724
5688.761  21.17706
5690.013  21.20384
5691.266  21.25172
5692.518  21.32135
5693.771  21.392
5695.023  21.45654
5696.275  21.51167
5697.528  21.54912
5698.780  21.58153
5700.033  21.61001
5701.285  21.63271
5702.538  21.66224
5703.790  21.69569
5705.042  21.72274
5706.295  21.73701
5707.547  21.73856
5708.800  21.72782
5710.052  21.72905
5711.305  21.7444
5712.557  21.73537
5713.809  21.72912
5715.062  21.7377
5716.314  21.74517
5717.567  21.74925
5718.819  21.75558
5720.072  21.75356
5721.324  21.75359
5722.576  21.7523
5723.829  21.756
5725.081  21.7654
5726.334  21.77435
5727.586  21.78863
5728.839  21.80142
5730.091  21.80784
5731.343  21.80801
5732.596  21.80354
5733.848  21.80648
5735.101  21.80827
5736.353  21.81539
5737.606  21.82048
5738.858  21.81576
5740.110  21.81675
5741.363  21.82282
5742.615  21.8192
5743.868  21.81544
5745.120  21.81396
5746.373  21.81931
5747.625  21.82487
5748.877  21.82115
5750.130  21.8282
5751.382  21.83363
5752.635  21.83361
5753.887  21.82582
5755.140  21.81348
5756.392  21.81267
5757.644  21.81373
5758.897  21.8017
5760.149  21.79116
5761.402  21.78662
5762.654  21.77028
5763.907  21.73528
5765.159  21.67902
5766.411  21.62014
5767.664  21.57577
5768.916  21.56489
5770.169  21.57285
5771.421  21.60476
5772.674  21.66092
5773.926  21.71171
5775.178  21.74594
5776.431  21.76694
5777.683  21.77192
5778.936  21.77513
5780.188  21.78253
5781.441  21.78101
5782.693  21.77383
5783.945  21.76283
5785.198  21.7282
5786.450  21.67533
5787.703  21.61603
5788.955  21.57613
5790.208  21.55779
5791.460  21.5626
5792.712  21.59269
5793.965  21.63434
5795.217  21.67515
5796.470  21.69604
5797.722  21.70341
5798.975  21.71021
5800.227  21.70452
5801.479  21.69012
5802.732  21.67666
5803.984  21.67304
5805.237  21.67773
5806.489  21.68301
5807.742  21.68822
5808.994  21.68923
5810.246  21.68024
5811.499  21.67707
5812.751  21.67795
5814.004  21.67752
5815.256  21.67466
5816.509  21.67011
5817.761  21.66475
5819.014  21.65585
5820.266  21.64623
5821.518  21.63416
5822.771  21.62943
5824.023  21.63214
5825.276  21.63159
5826.528  21.62872
5827.781  21.62245
5829.033  21.61297
5830.285  21.61255
5831.538  21.61213
5832.790  21.60077
5834.043  21.59538
5835.295  21.59209
5836.548  21.58571
5837.800  21.57527
5839.052  21.56817
5840.305  21.56828
5841.557  21.56218
5842.810  21.55292
5844.062  21.5502
5845.315  21.55267
5846.567  21.54842
5847.819  21.53958
5849.072  21.53998
5850.324  21.5397
5851.577  21.53179
5852.829  21.5284
5854.082  21.52939
5855.334  21.53003
5856.586  21.5227
5857.839  21.51443
5859.091  21.50642
5860.344  21.48137
5861.596  21.42197
5862.849  21.34433
5864.101  21.27047
5865.353  21.21514
5866.606  21.18666
5867.858  21.19407
5869.111  21.23707
5870.363  21.29652
5871.616  21.34377
5872.868  21.3814
5874.120  21.4197
5875.373  21.45606
5876.625  21.48799
5877.878  21.5205
5879.130  21.53742
5880.383  21.53432
5881.635  21.5023
5882.887  21.3884
5884.140  21.24337
5885.392  20.84796
5886.645  20.42229
5887.897  20.13034
5889.150  19.99198
5890.402  19.95373
5891.654  19.97432
5892.907  20.04528
5894.159  20.14547
5895.412  20.23884
5896.664  20.33977
5897.917  20.5203
5899.169  20.73064
5900.421  21.0856
5901.674  21.32848
5902.926  21.41603
5904.179  21.4258
5905.431  21.4226
5906.684  21.41889
5907.936  21.42642
5909.188  21.43213
5910.441  21.40718
5911.693  21.34632
5912.946  21.2894
5914.198  21.25159
5915.451  21.24427
5916.703  21.26769
5917.955  21.31546
5919.208  21.36302
5920.460  21.37401
5921.713  21.35384
5922.965  21.32558
5924.218  21.31367
5925.470  21.31329
5926.722  21.30772
5927.975  21.28722
5929.227  21.24523
5930.480  21.19373
5931.732  21.15485
5932.985  21.15061
5934.237  21.17868
5935.489  21.23978
5936.742  21.31438
5937.994  21.37222
5939.247  21.4005
5940.499  21.40891
5941.752  21.39541
5943.004  21.36836
5944.256  21.35093
5945.509  21.34216
5946.761  21.34039
5948.014  21.33256
5949.266  21.30335
5950.519  21.26623
5951.771  21.23159
5953.023  21.21565
5954.276  21.22919
5955.528  21.27979
5956.781  21.35169
5958.033  21.39999
5959.286  21.42646
5960.538  21.43097
5961.790  21.42911
5963.043  21.43661
5964.295  21.43545
5965.548  21.42316
5966.800  21.40864
5968.053  21.39215
5969.305  21.38075
5970.557  21.37192
5971.810  21.36595
5973.062  21.35717
5974.315  21.3382
5975.567  21.32553
5976.820  21.32517
5978.072  21.34085
5979.324  21.37955
5980.577  21.4288
5981.829  21.45983
5983.082  21.47499
5984.334  21.48734
5985.587  21.49387
5986.839  21.49871
5988.091  21.49707
5989.344  21.50099
5990.596  21.50413
5991.849  21.49723
5993.101  21.49522
5994.354  21.48447
5995.606  21.4793
5996.858  21.48104
5998.111  21.48005
5999.363  21.48092
6000.616  21.47106
6001.868  21.46177
6003.121  21.46543
6004.373  21.48061
6005.625  21.51015
6006.878  21.54024
6008.130  21.55732
6009.383  21.56585
6010.635  21.57845
6011.888  21.5931
6013.140  21.60178
6014.393  21.60146
6015.645  21.60118
6016.897  21.60893
6018.150  21.61608
6019.402  21.61536
6020.655  21.62152
6021.907  21.62924
6023.160  21.62612
6024.412  21.61032
6025.664  21.59984
6026.917  21.59197
6028.169  21.58237
6029.422  21.57763
6030.674  21.57358
6031.927  21.57361
6033.179  21.57859
6034.431  21.58456
6035.684  21.59669
6036.936  21.61386
6038.189  21.62593
6039.441  21.64076
6040.694  21.64835
6041.946  21.65383
6043.198  21.65652
6044.451  21.6611
6045.703  21.66501
6046.956  21.66315
6048.208  21.65813
6049.461  21.6631
6050.713  21.67176
6051.965  21.68197
6053.218  21.68032
6054.470  21.67906
6055.723  21.67994
6056.975  21.67832
6058.228  21.68166
6059.480  21.66946
6060.732  21.65886
6061.985  21.65737
6063.237  21.65994
6064.490  21.66382
6065.742  21.66324
6066.995  21.66544
6068.247  21.67142
6069.499  21.67563
6070.752  21.68441
6072.004  21.69272
6073.257  21.69001
6074.509  21.6946
6075.762  21.70604
6077.014  21.70821
6078.266  21.7166
6079.519  21.72339
6080.771  21.72337
6082.024  21.7247
6083.276  21.72917
6084.529  21.72935
6085.781  21.72989
6087.033  21.72595
6088.286  21.72029
6089.538  21.71897
6090.791  21.71358
6092.043  21.70704
6093.296  21.6937
6094.548  21.68087
6095.800  21.66834
6097.053  21.66495
6098.305  21.66259
6099.558  21.66197
6100.810  21.66192
6102.063  21.65139
6103.315  21.63554
6104.567  21.62344
6105.820  21.60737
6107.072  21.5845
6108.325  21.55916
6109.577  21.52904
6110.830  21.50554
6112.082  21.48513
6113.334  21.48167
6114.587  21.49752
6115.839  21.52957
6117.092  21.56536
6118.344  21.59988
6119.597  21.63007
6120.849  21.65035
6122.101  21.6688
6123.354  21.68535
6124.606  21.69619
6125.859  21.69565
6127.111  21.69922
6128.364  21.69979
6129.616  21.70245
6130.868  21.70161
6132.121  21.68951
6133.373  21.68435
6134.626  21.67374
6135.878  21.64627
6137.131  21.62309
6138.383  21.61109
6139.635  21.59208
6140.888  21.57182
6142.140  21.56542
6143.393  21.5707
6144.645  21.59098
6145.898  21.61732
6147.150  21.65076
6148.402  21.67017
6149.655  21.65964
6150.907  21.63373
6152.160  21.6099
6153.412  21.59736
6154.665  21.59371
6155.917  21.58549
6157.169  21.5766
6158.422  21.56658
6159.674  21.55143
6160.927  21.55224
6162.179  21.57522
6163.432  21.61456
6164.684  21.65247
6165.936  21.6683
6167.189  21.65187
6168.441  21.63165
6169.694  21.61786
6170.946  21.611
6172.199  21.62509
6173.451  21.65187
6174.703  21.6921
6175.956  21.71919
6177.208  21.73499
6178.461  21.7465
6179.713  21.74807
6180.966  21.75212
6182.218  21.75643
6183.470  21.75224
6184.723  21.75087
6185.975  21.7632
6187.228  21.76656
6188.480  21.7606
6189.733  21.75281
6190.985  21.75577
6192.237  21.75504
6193.490  21.75302
6194.742  21.75319
6195.995  21.76108
6197.247  21.75441
6198.500  21.73306
6199.752  21.6993
6201.004  21.66707
6202.257  21.65462
6203.509  21.65784
6204.762  21.68781
6206.014  21.71388
6207.267  21.73012
6208.519  21.72813
6209.772  21.71597
6211.024  21.70473
6212.276  21.70637
6213.529  21.71882
6214.781  21.74309
6216.034  21.74767
6217.286  21.72585
6218.539  21.68188
6219.791  21.64661
6221.043  21.62991
6222.296  21.64125
6223.548  21.66732
6224.801  21.71662
6226.053  21.75902
6227.306  21.77203
6228.558  21.75152
6229.810  21.66444
6231.063  21.51337
6232.315  21.33327
6233.568  21.30544
6234.820  21.24046
6236.073  21.22045
6237.325  21.14023
6238.577  21.23394
6239.830  21.33996
6241.082  21.41854
6242.335  21.47871
6243.587  21.54077
6244.840  21.60308
6246.092  21.65703
6247.344  21.70103
6248.597  21.73532
6249.849  21.74596
6251.102  21.73272
6252.354  21.67005
6253.607  21.52437
6254.859  21.3551
6256.111  21.22969
6257.364  21.17984
6258.616  21.20071
6259.869  21.27153
6261.121  21.36835
6262.374  21.44195
6263.626  21.47193
6264.878  21.48467
6266.131  21.50744
6267.383  21.54929
6268.636  21.61222
6269.888  21.66092
6271.141  21.68091
6272.393  21.67696
6273.645  21.65525
6274.898  21.64096
6276.150  21.64377
6277.403  21.65729
6278.655  21.68545
6279.908  21.71461
6281.160  21.70643
6282.412  21.63461
6283.665  21.50098
6284.917  21.36503
6286.170  21.28704
6287.422  21.27395
6288.675  21.32588
6289.927  21.43368
6291.179  21.53762
6292.432  21.54989
6293.684  21.34907
6294.937  20.89169
6296.189  20.32631
6297.442  19.89566
6298.694  19.67755
6299.946  19.61744
6301.199  19.70114
6302.451  19.9579
6303.704  20.521
6304.956  20.87267
6306.209  20.99678
6307.461  21.13264
6308.713  21.26458
6309.966  21.43066
6311.218  21.59215
6312.471  21.70429
6313.723  21.7563
6314.976  21.7626
6316.228  21.7392
6317.480  21.67591
6318.733  21.60976
6319.985  21.56401
6321.238  21.54663
6322.490  21.56565
6323.743  21.57648
6324.995  21.52904
6326.247  21.43283
6327.500  21.32891
6328.752  21.27197
6330.005  21.27218
6331.257  21.34181
6332.510  21.46982
6333.762  21.60652
6335.014  21.70687
6336.267  21.75022
6337.519  21.76718
6338.772  21.75432
6340.024  21.7425
6341.277  21.74367
6342.529  21.73018
6343.781  21.7031
6345.034  21.65731
6346.286  21.61988
6347.539  21.59891
6348.791  21.59475
6350.044  21.60461
6351.296  21.59437
6352.548  21.54439
6353.801  21.4778
6355.053  21.42499
6356.306  21.39722
6357.558  21.33511
6358.811  21.16233
6360.063  20.91256
6361.315  20.67599
6362.568  20.55888
6363.820  20.54756
6365.073  20.6566
6366.325  20.92533
6367.578  21.26882
6368.830  21.55893
6370.082  21.71628
6371.335  21.76707
6372.587  21.7704
6373.840  21.76117
6375.092  21.72979
6376.345  21.69633
6377.597  21.66725
6378.849  21.64986
6380.102  21.63472
6381.354  21.61756
6382.607  21.59873
6383.859  21.57062
6385.112  21.55144
6386.364  21.56269
6387.616  21.60264
6388.869  21.6565
6390.121  21.71549
6391.374  21.7682
6392.626  21.79506
6393.879  21.79872
6395.131  21.80371
6396.383  21.80649
6397.636  21.80436
6398.888  21.78931
6400.141  21.76206
6401.393  21.75355
6402.646  21.75557
6403.898  21.76165
6405.151  21.79251
6406.403  21.81701
6407.655  21.82178
6408.908  21.81769
6410.160  21.7951
6411.413  21.76974
6412.665  21.76174
6413.918  21.75075
6415.170  21.74293
6416.422  21.74379
6417.675  21.74005
6418.927  21.73218
6420.180  21.72967
6421.432  21.74317
6422.685  21.76522
6423.937  21.78927
6425.189  21.81236
6426.442  21.82366
6427.694  21.8399
6428.947  21.85032
6430.199  21.84495
6431.452  21.84715
6432.704  21.84785
6433.956  21.84126
6435.209  21.84448
6436.461  21.84308
6437.714  21.84542
6438.966  21.86349
6440.219  21.86577
6441.471  21.85041
6442.723  21.83987
6443.976  21.83569
6445.228  21.83272
6446.481  21.82292
6447.733  21.80447
6448.986  21.77431
6450.238  21.75221
6451.490  21.74992
6452.743  21.75103
6453.995  21.74999
6455.248  21.74488
6456.500  21.74196
6457.753  21.72672
6459.005  21.69081
6460.257  21.62309
6461.510  21.53843
6462.762  21.4492
6464.015  21.3905
6465.267  21.35782
6466.520  21.34316
6467.772  21.35296
6469.024  21.37484
6470.277  21.41258
6471.529  21.4745
6472.782  21.55222
6474.034  21.62612
6475.287  21.6765
6476.539  21.71777
6477.791  21.7326
6479.044  21.73977
6480.296  21.77715
6481.549  21.81743
6482.801  21.83961
6484.054  21.88954
6485.306  21.92848
6486.558  21.94344
6487.811  21.91137
6489.063  21.87818
6490.316  21.86458
6491.568  21.84773
6492.821  21.77435
6494.073  21.61848
6495.325  21.44065
6496.578  21.29401
6497.830  21.20094
6499.083  21.18912
6500.335  21.25416
6501.588  21.35259
6502.840  21.44817
6504.092  21.50933
6505.345  21.54982
6506.597  21.59639
6507.850  21.66267
6509.102  21.72556
6510.355  21.76711
6511.607  21.7815
6512.859  21.78583
6514.112  21.79134
6515.364  21.80658
6516.617  21.80375
6517.869  21.78458
6519.122  21.74693
6520.374  21.69118
6521.626  21.64854
6522.879  21.64496
6524.131  21.67351
6525.384  21.71799
6526.636  21.74015
6527.889  21.67636
6529.141  21.53983
6530.393  21.39481
6531.646  21.29626
6532.898  21.27968
6534.151  21.34124
6535.403  21.46134
6536.656  21.60003
6537.908  21.68564
6539.160  21.69083
6540.413  21.63703
6541.665  21.56974
6542.918  21.54076
6544.170  21.54627
6545.423  21.57729
6546.675  21.62648
6547.927  21.63257
6549.180  21.53502
6550.432  21.38507
6551.685  21.26824
6552.937  21.2246
6554.190  21.25163
6555.442  21.34858
6556.694  21.49064
6557.947  21.58092
6559.199  21.54682
6560.452  21.46328
6561.704  21.42029
6562.957  21.4141
6564.209  21.4407
6565.461  21.49027
6566.714  21.54699
6567.966  21.58947
6569.219  21.60288
6570.471  21.61566
6571.724  21.62085
6572.976  21.55603
6574.228  21.45201
6575.481  21.35903
6576.733  21.31781
6577.986  21.34286
6579.238  21.42054
6580.491  21.5299
6581.743  21.63872
6582.995  21.70415
6584.248  21.73454
6585.500  21.7562
6586.753  21.77725
6588.005  21.79811
6589.258  21.80052
6590.510  21.7822
6591.762  21.76095
6593.015  21.73785
6594.267  21.70784
6595.520  21.67033
6596.772  21.66016
6598.025  21.66038
6599.277  21.6523
6600.530  21.61662
6601.782  21.56291
6603.034  21.53273
6604.287  21.53242
6605.539  21.57776
6606.792  21.65233
6608.044  21.74715
6609.297  21.81013
6610.549  21.82562
6611.801  21.84102
6613.054  21.83869
6614.306  21.82026
6615.559  21.8221
6616.811  21.82756
6618.064  21.81945
6619.316  21.83061
6620.568  21.83477
6621.821  21.81656
6623.073  21.78851
6624.326  21.77274
6625.578  21.74844
6626.831  21.73123
6628.083  21.73626
6629.335  21.72499
6630.588  21.70285
6631.840  21.69348
6633.093  21.68683
6634.345  21.68818
6635.598  21.69937
6636.850  21.72483
6638.102  21.75554
6639.355  21.77891
6640.607  21.79327
6641.860  21.80727
6643.112  21.81824
6644.365  21.82715
6645.617  21.82709
6646.869  21.81874
6648.122  21.80795
6649.374  21.79963
6650.627  21.80023
6651.879  21.80067
6653.132  21.79736
6654.384  21.80575
6655.636  21.80239
6656.889  21.79452
6658.141  21.77674
6659.394  21.76803
6660.646  21.76917
6661.899  21.75791
6663.151  21.75788
6664.403  21.75252
6665.656  21.73654
6666.908  21.73587
6668.161  21.74181
6669.413  21.75637
6670.666  21.7762
6671.918  21.79251
6673.170  21.79849
6674.423  21.79243
6675.675  21.78181
6676.928  21.77128
6678.180  21.77187
6679.433  21.77365
6680.685  21.77645
6681.937  21.78509
6683.190  21.80026
6684.442  21.81195
6685.695  21.79504
6686.947  21.78816
6688.200  21.78935
6689.452  21.79286
6690.704  21.80596
6691.957  21.80149
6693.209  21.79865
6694.462  21.78808
6695.714  21.76482
6696.967  21.74717
6698.219  21.72236
6699.471  21.70599
6700.724  21.70862
6701.976  21.71076
6703.229  21.71451
6704.481  21.71265
6705.734  21.6984
6706.986  21.69766
6708.238  21.70486
6709.491  21.71597
6710.743  21.73127
6711.996  21.73295
6713.248  21.71396
6714.501  21.69441
6715.753  21.6762
6717.005  21.68022
6718.258  21.69926
6719.510  21.72495
6720.763  21.75192
6722.015  21.7736
6723.268  21.78183
6724.520  21.77378
6725.772  21.76114
6727.025  21.74822
6728.277  21.72917
6729.530  21.73219
6730.782  21.72412
6732.035  21.72072
6733.287  21.7272
6734.539  21.75564
6735.792  21.76519
6737.044  21.76186
6738.297  21.73804
6739.549  21.71459
6740.802  21.70765
6742.054  21.69269
6743.306  21.69207
6744.559  21.70897
6745.811  21.7165
6747.064  21.73462
6748.316  21.76467
6749.569  21.77714
6750.821  21.77588
6752.073  21.77818
6753.326  21.7746
6754.578  21.77141
6755.831  21.77592
6757.083  21.77251
6758.336  21.76782
6759.588  21.7662
6760.840  21.76998
6762.093  21.76344
6763.345  21.77174
6764.598  21.77059
6765.850  21.77516
6767.103  21.77732
6768.355  21.77436
6769.607  21.77751
6770.860  21.78084
6772.112  21.78699
6773.365  21.79516
6774.617  21.78379
6775.870  21.76815
6777.122  21.77453
6778.374  21.76579
6779.627  21.7641
6780.879  21.76313
6782.132  21.76804
6783.384  21.76808
6784.637  21.75713
6785.889  21.73852
6787.141  21.73427
6788.394  21.73667
6789.646  21.74739
6790.899  21.76074
6792.151  21.77101
6793.404  21.77852
6794.656  21.78888
6795.909  21.78978
6797.161  21.77469
6798.413  21.77078
6799.666  21.77176
6800.918  21.76909
6802.171  21.77063
6803.423  21.77425
6804.676  21.77257
6805.928  21.77259
6807.180  21.76377
6808.433  21.75084
6809.685  21.76645
6810.938  21.7737
6812.190  21.76268
6813.443  21.75449
6814.695  21.75814
6815.947  21.75769
6817.200  21.74862
6818.452  21.75083
6819.705  21.7539
6820.957  21.74384
6822.210  21.68623
6823.462  21.5444
6824.714  21.3074
6825.967  21.16063
6827.219  20.98392
6828.472  20.87387
6829.724  20.80952
6830.977  20.77289
6832.229  20.78831
6833.481  20.85053
6834.734  20.8065
6835.986  20.92787
6837.239  21.09293
6838.491  21.27799
6839.744  21.3798
6840.996  21.40372
6842.248  21.42716
6843.501  21.4762
6844.753  21.54713
6846.006  21.62348
6847.258  21.66033
6848.511  21.66652
6849.763  21.66827
6851.015  21.66468
6852.268  21.67474
6853.520  21.69482
6854.773  21.70541
6856.025  21.69727
6857.278  21.64871
6858.530  21.48146
6859.782  21.14848
6861.035  20.78533
6862.287  20.54719
6863.540  20.45877
6864.792  20.49319
6866.045  20.66216
6867.297  20.97317
6868.549  21.31763
6869.802  21.51759
6871.054  21.63125
6872.307  21.6514
6873.559  21.73507
6874.812  21.85381
6876.064  21.89561
6877.316  21.76524
6878.569  21.61653
