3749.761  22.63488
3751.014  22.63087
3752.266  22.65005
3753.519  22.67291
3754.771  22.71708
3756.023  22.72989
3757.276  22.75271
3758.528  22.82548
3759.781  22.90515
3761.033  22.95118
3762.286  22.95405
3763.538  22.99881
3764.790  23.04077
3766.043  23.10124
3767.295  23.05678
3768.548  22.97802
3769.800  22.92669
3771.052  22.87343
3772.305  22.82421
3773.557  22.80202
3774.810  22.79022
3776.062  22.79378
3777.314  22.82237
3778.567  22.86933
3779.819  22.91015
3781.072  22.93151
3782.324  22.92946
3783.576  22.94705
3784.829  22.94119
3786.081  22.91317
3787.334  22.88757
3788.586  22.86524
3789.838  22.83493
3791.091  22.81735
3792.343  22.78719
3793.596  22.79631
3794.848  22.86693
3796.100  22.95713
3797.353  22.97197
3798.605  22.96105
3799.858  23.00886
3801.110  23.00009
3802.362  23.00149
3803.615  22.99
3804.867  23.01125
3806.120  23.19819
3807.372  23.02746
3808.624  22.98362
3809.877  22.90705
3811.129  22.8253
3812.382  22.76136
3813.634  22.73632
3814.886  22.69368
3816.139  22.68205
3817.391  22.71437
3818.644  22.93848
3819.896  22.79644
3821.148  22.94629
3822.401  22.97659
3823.653  22.79556
3824.906  22.83701
3826.158  22.74371
3827.410  22.62024
3828.663  22.37028
3829.915  22.31289
3831.168  22.28057
3832.420  22.28222
3833.672  22.48558
3834.925  22.5482
3836.177  22.60302
3837.430  22.54101
3838.682  22.57831
3839.934  22.57316
3841.187  22.56636
3842.439  22.57095
3843.692  22.58177
3844.944  22.61274
3846.196  22.62782
3847.449  22.65337
3848.701  22.69234
3849.954  22.74003
3851.206  22.79285
3852.458  22.82588
3853.711  22.88308
3854.963  23.0745
3856.216  23.1004
3857.468  23.13553
3858.721  23.18347
3859.973  23.02845
3861.225  22.98726
3862.478  22.97964
3863.730  23.13346
3864.983  23.14561
3866.235  23.16498
3867.487  23.21271
3868.740  23.37508
3869.992  23.30051
3871.245  23.29715
3872.497  23.25715
3873.749  23.22977
3875.002  23.11465
3876.254  23.30274
3877.507  23.31775
3878.759  23.34855
3880.011  23.41229
3881.264  23.4392
3882.516  23.28966
3883.769  23.46127
3885.021  23.47799
3886.273  23.3255
3887.526  23.32793
3888.778  23.47271
3890.031  23.4205
3891.283  23.40289
3892.535  23.22182
3893.788  23.27716
3895.040  23.22354
3896.293  23.18551
3897.545  23.13149
3898.797  23.10061
3900.050  23.05679
3901.302  23.06133
3902.555  22.85308
3903.807  22.85076
3905.059  22.72584
3906.312  22.64026
3907.564  22.60276
3908.817  22.59269
3910.069  22.58568
3911.321  22.59795
3912.574  22.63445
3913.826  22.69964
3915.079  22.78834
3916.331  22.87397
3917.583  22.9448
3918.836  23.01573
3920.088  23.08813
3921.341  23.03855
3922.593  23.08178
3923.845  23.09755
3925.098  23.10276
3926.350  23.18737
3927.603  23.33516
3928.855  23.32758
3930.107  23.36652
3931.360  23.15441
3932.612  23.1469
3933.865  23.09922
3935.117  23.1842
3936.369  23.12218
3937.622  23.02969
3938.874  22.90791
3940.127  22.66136
3941.379  22.59507
3942.631  22.70699
3943.884  22.70792
3945.136  22.82428
3946.389  22.85046
3947.641  22.90258
3948.894  22.836
3950.146  22.87944
3951.398  22.92646
3952.651  22.95473
3953.903  22.96022
3955.156  23.09679
3956.408  23.03137
3957.660  23.13356
3958.913  23.0527
3960.165  23.11861
3961.418  23.18076
3962.670  23.25357
3963.922  23.42123
3965.175  23.52481
3966.427  23.34285
3967.680  23.34313
3968.932  23.29487
3970.184  23.22578
3971.437  23.25177
3972.689  23.12533
3973.942  22.89414
3975.194  22.96222
3976.446  23.01686
3977.699  22.98787
3978.951  22.98153
3980.204  22.97307
3981.456  22.96541
3982.708  23.00084
3983.961  23.00865
3985.213  23.00618
3986.466  23.01938
3987.718  23.00801
3988.970  23.00581
3990.223  23.01451
3991.475  23.02896
3992.728  23.04653
3993.980  23.03818
3995.232  23.01165
3996.485  22.99617
3997.737  22.98711
3998.990  22.96161
4000.242  22.96572
4001.494  22.96571
4002.747  22.92959
4003.999  22.89354
4005.252  22.84501
4006.504  22.76793
4007.756  22.72566
4009.009  22.68137
4010.261  22.64496
4011.514  22.64502
4012.766  22.66314
4014.018  22.68275
4015.271  22.69332
4016.523  22.68647
4017.776  22.6657
4019.028  22.63937
4020.280  22.61736
4021.533  22.61729
4022.785  22.62741
4024.038  22.66674
4025.290  22.70803
4026.542  22.72431
4027.795  22.74446
4029.047  22.77327
4030.300  22.80947
4031.552  22.82319
4032.804  22.80184
4034.057  22.78222
4035.309  22.78287
4036.562  22.7564
4037.814  22.69801
4039.067  22.61631
4040.319  22.51687
4041.571  22.37497
4042.824  22.19998
4044.076  22.04861
4045.329  21.95841
4046.581  21.94524
4047.833  22.0165
4049.086  22.15369
4050.338  22.31802
4051.591  22.47716
4052.843  22.5945
4054.095  22.64527
4055.348  22.65677
4056.600  22.66516
4057.853  22.66222
4059.105  22.62809
4060.357  22.55553
4061.610  22.50436
4062.862  22.47264
4064.115  22.44222
4065.367  22.43013
4066.619  22.44363
4067.872  22.46788
4069.124  22.48778
4070.377  22.52524
4071.629  22.53698
4072.881  22.50414
4074.134  22.47566
4075.386  22.45511
4076.639  22.436
4077.891  22.43224
4079.143  22.43613
4080.396  22.45754
4081.648  22.50012
4082.901  22.54248
4084.153  22.55612
4085.405  22.57449
4086.658  22.61139
4087.910  22.65009
4089.163  22.68059
4090.415  22.70588
4091.667  22.7414
4092.920  22.76435
4094.172  22.78488
4095.425  22.80938
4096.677  22.82153
4097.929  22.84105
4099.182  22.87673
4100.434  22.8946
4101.687  22.89461
4102.939  22.92695
4104.191  22.94142
4105.444  22.90045
4106.696  22.87724
4107.949  22.88362
4109.201  22.88732
4110.453  22.8733
4111.706  22.87037
4112.958  22.87378
4114.211  22.85843
4115.463  22.83968
4116.715  22.84422
4117.968  22.84155
4119.220  22.82912
4120.473  22.79105
4121.725  22.75117
4122.977  22.70535
4124.230  22.6815
4125.482  22.67257
4126.735  22.67494
4127.987  22.6732
4129.239  22.65608
4130.492  22.65779
4131.744  22.64473
4132.997  22.61654
4134.249  22.60195
4135.502  22.60242
4136.754  22.61031
4138.006  22.62589
4139.259  22.66195
4140.511  22.70804
4141.764  22.73446
4143.016  22.75152
4144.268  22.77813
4145.521  22.79215
4146.773  22.79328
4148.026  22.79397
4149.278  22.77659
4150.530  22.73724
4151.783  22.68396
4153.035  22.62881
4154.288  22.58299
4155.540  22.55805
4156.792  22.53477
4158.045  22.51425
4159.297  22.49641
4160.550  22.4621
4161.802  22.40805
4163.054  22.35665
4164.307  22.32732
4165.559  22.3075
4166.812  22.29608
4168.064  22.30439
4169.316  22.32433
4170.569  22.34976
4171.821  22.38847
4173.074  22.43275
4174.326  22.461
4175.578  22.48505
4176.831  22.50933
4178.083  22.52869
4179.336  22.55283
4180.588  22.58326
4181.840  22.60318
4183.093  22.63024
4184.345  22.67688
4185.598  22.70527
4186.850  22.70593
4188.102  22.7045
4189.355  22.70448
4190.607  22.7089
4191.860  22.69799
4193.112  22.71394
4194.364  22.74676
4195.617  22.7804
4196.869  22.84615
4198.122  22.86469
4199.374  22.84092
4200.626  22.84616
4201.879  22.83886
4203.131  22.79761
4204.384  22.78103
4205.636  22.75566
4206.888  22.72628
4208.141  22.71841
4209.393  22.7186
4210.646  22.73322
4211.898  22.76279
4213.150  22.78371
4214.403  22.79376
4215.655  22.80495
4216.908  22.8021
4218.160  22.80413
4219.412  22.82231
4220.665  22.83114
4221.917  22.84667
4223.170  22.85899
4224.422  22.8777
4225.675  22.88483
4226.927  22.87988
4228.179  22.87215
4229.432  22.85308
4230.684  22.82312
4231.937  22.80775
4233.189  22.80293
4234.441  22.78971
4235.694  22.78909
4236.946  22.79712
4238.199  22.81144
4239.451  22.82698
4240.703  22.80837
4241.956  22.76971
4243.208  22.70623
4244.461  22.62511
4245.713  22.56277
4246.965  22.54407
4248.218  22.5403
4249.470  22.55736
4250.723  22.60003
4251.975  22.62931
4253.227  22.63079
4254.480  22.62326
4255.732  22.62786
4256.985  22.64666
4258.237  22.68103
4259.489  22.71117
4260.742  22.72412
4261.994  22.72351
4263.247  22.7039
4264.499  22.68708
4265.751  22.6728
4267.004  22.6734
4268.256  22.68629
4269.509  22.69483
4270.761  22.70672
4272.013  22.70915
4273.266  22.69698
4274.518  22.69737
4275.771  22.69827
4277.023  22.68335
4278.275  22.67337
4279.528  22.67583
4280.780  22.686
4282.033  22.68929
4283.285  22.6991
4284.537  22.71126
4285.790  22.73256
4287.042  22.75893
4288.295  22.76147
4289.547  22.74306
4290.799  22.7309
4292.052  22.71523
4293.304  22.69762
4294.557  22.69567
4295.809  22.70149
4297.061  22.7235
4298.314  22.76949
4299.566  22.78891
4300.819  22.80496
4302.071  22.8245
4303.323  22.8086
4304.576  22.76965
4305.828  22.72707
4307.081  22.67569
4308.333  22.63021
4309.585  22.5723
4310.838  22.51748
4312.090  22.47096
4313.343  22.43763
4314.595  22.40519
4315.847  22.39079
4317.100  22.40459
4318.352  22.42649
4319.605  22.45891
4320.857  22.49857
4322.110  22.53109
4323.362  22.57094
4324.614  22.61702
4325.867  22.63821
4327.119  22.64949
4328.372  22.65675
4329.624  22.66045
4330.876  22.67651
4332.129  22.67594
4333.381  22.6662
4334.634  22.66438
4335.886  22.66543
4337.138  22.66945
4338.391  22.67191
4339.643  22.65677
4340.896  22.63818
4342.148  22.6127
4343.400  22.57465
4344.653  22.54409
4345.905  22.51132
4347.158  22.49021
4348.410  22.50495
4349.662  22.50799
4350.915  22.4711
4352.167  22.33763
4353.420  22.03791
4354.672  21.67871
4355.924  21.39438
4357.177  21.23831
4358.429  21.2143
4359.682  21.31251
4360.934  21.53732
4362.186  21.86912
4363.439  22.18713
4364.691  22.38097
4365.944  22.46993
4367.196  22.50975
4368.448  22.51774
4369.701  22.51082
4370.953  22.50916
4372.206  22.4965
4373.458  22.46447
4374.710  22.43389
4375.963  22.42955
4377.215  22.4496
4378.468  22.47883
4379.720  22.5119
4380.972  22.54724
4382.225  22.57487
4383.477  22.5966
4384.730  22.61972
4385.982  22.6308
4387.234  22.6191
4388.487  22.60781
4389.739  22.60133
4390.992  22.59254
4392.244  22.58579
4393.496  22.57768
4394.749  22.56289
4396.001  22.54817
4397.254  22.52395
4398.506  22.48147
4399.758  22.43396
4401.011  22.39216
4402.263  22.35124
4403.516  22.31455
4404.768  22.28752
4406.020  22.26823
4407.273  22.24608
4408.525  22.2308
4409.778  22.22245
4411.030  22.22448
4412.283  22.22179
4413.535  22.22033
4414.787  22.22692
4416.040  22.23271
4417.292  22.23344
4418.545  22.24523
4419.797  22.26629
4421.049  22.26859
4422.302  22.27552
4423.554  22.29552
4424.807  22.30362
4426.059  22.31727
4427.311  22.34205
4428.564  22.35849
4429.816  22.36992
4431.069  22.39552
4432.321  22.41887
4433.573  22.42048
4434.826  22.41529
4436.078  22.40781
4437.331  22.39817
4438.583  22.39123
4439.835  22.39334
4441.088  22.40231
4442.340  22.41972
4443.593  22.43482
4444.845  22.44915
4446.097  22.45249
4447.350  22.45418
4448.602  22.46918
4449.855  22.48709
4451.107  22.50706
4452.359  22.52737
4453.612  22.54667
4454.864  22.56042
4456.117  22.57514
4457.369  22.56974
4458.621  22.57602
4459.874  22.58612
4461.126  22.5773
4462.379  22.56618
4463.631  22.54858
4464.883  22.5443
4466.136  22.55395
4467.388  22.56283
4468.641  22.56959
4469.893  22.56691
4471.145  22.55616
4472.398  22.54259
4473.650  22.53164
4474.903  22.53369
4476.155  22.52708
4477.407  22.53693
4478.660  22.55176
4479.912  22.53852
4481.165  22.52937
4482.417  22.51647
4483.669  22.48783
4484.922  22.47388
4486.174  22.47155
4487.427  22.47308
4488.679  22.48502
4489.931  22.48083
4491.184  22.46129
4492.436  22.45122
4493.689  22.44014
4494.941  22.42166
4496.193  22.41531
4497.446  22.4247
4498.698  22.4275
4499.951  22.43046
4501.203  22.44033
4502.456  22.44799
4503.708  22.44499
4504.960  22.43423
4506.213  22.43473
4507.465  22.43147
4508.718  22.4237
4509.970  22.43027
4511.222  22.44663
4512.475  22.45902
4513.727  22.46155
4514.980  22.45721
4516.232  22.45618
4517.484  22.44783
4518.737  22.43726
4519.989  22.42588
4521.242  22.41211
4522.494  22.40522
4523.746  22.39367
4524.999  22.38892
4526.251  22.37994
4527.504  22.35663
4528.756  22.32919
4530.008  22.3084
4531.261  22.29729
4532.513  22.28927
4533.766  22.28312
4535.018  22.28301
4536.270  22.2875
4537.523  22.28779
4538.775  22.28987
4540.028  22.27985
4541.280  22.26544
4542.532  22.26221
4543.785  22.25177
4545.037  22.24941
4546.290  22.26651
4547.542  22.2907
4548.794  22.30619
4550.047  22.32109
4551.299  22.33831
4552.552  22.34682
4553.804  22.3494
4555.056  22.3651
4556.309  22.37411
4557.561  22.36914
4558.814  22.3769
4560.066  22.39225
4561.318  22.40996
4562.571  22.42888
4563.823  22.43919
4565.076  22.44744
4566.328  22.45035
4567.580  22.44247
4568.833  22.43391
4570.085  22.43598
4571.338  22.43562
4572.590  22.43077
4573.842  22.41834
4575.095  22.3983
4576.347  22.37161
4577.600  22.34768
4578.852  22.3362
4580.104  22.33339
4581.357  22.33699
4582.609  22.34933
4583.862  22.36071
4585.114  22.36837
4586.366  22.37535
4587.619  22.38955
4588.871  22.40184
4590.124  22.40834
4591.376  22.41334
4592.628  22.42029
4593.881  22.43301
4595.133  22.44666
4596.386  22.46293
4597.638  22.46405
4598.891  22.47163
4600.143  22.48379
4601.395  22.47831
4602.648  22.47936
4603.900  22.48378
4605.153  22.46629
4606.405  22.44237
4607.657  22.43155
4608.910  22.4272
4610.162  22.42416
4611.415  22.43862
4612.667  22.44887
4613.919  22.46646
4615.172  22.47179
4616.424  22.46519
4617.677  22.4661
4618.929  22.47105
4620.181  22.4657
4621.434  22.45716
4622.686  22.45289
4623.939  22.45182
4625.191  22.45342
4626.443  22.4531
4627.696  22.44659
4628.948  22.45402
4630.201  22.46699
4631.453  22.47059
4632.705  22.48087
4633.958  22.47698
4635.210  22.48846
4636.463  22.50114
4637.715  22.49085
4638.967  22.48373
4640.220  22.48206
4641.472  22.48375
4642.725  22.49667
4643.977  22.51034
4645.229  22.50891
4646.482  22.5063
4647.734  22.50068
4648.987  22.48028
4650.239  22.45652
4651.491  22.43441
4652.744  22.41347
4653.996  22.38794
4655.249  22.34024
4656.501  22.29197
4657.753  22.25669
4659.006  22.22106
4660.258  22.19459
4661.511  22.19081
4662.763  22.18922
4664.015  22.18989
4665.268  22.18984
4666.520  22.17727
4667.773  22.16411
4669.025  22.1503
4670.277  22.1411
4671.530  22.12861
4672.782  22.13697
4674.035  22.15293
4675.287  22.16997
4676.539  22.18433
4677.792  22.20702
4679.044  22.22437
4680.297  22.23875
4681.549  22.25041
4682.801  22.25654
4684.054  22.26742
4685.306  22.27935
4686.559  22.29303
4687.811  22.31277
4689.064  22.32068
4690.316  22.32054
4691.568  22.32723
4692.821  22.3304
4694.073  22.3443
4695.326  22.36359
4696.578  22.37525
4697.830  22.38722
4699.083  22.39354
4700.335  22.39597
4701.588  22.39082
4702.840  22.37288
4704.092  22.36122
4705.345  22.35095
4706.597  22.32906
4707.850  22.31432
4709.102  22.30709
4710.354  22.30478
4711.607  22.30538
4712.859  22.31915
4714.112  22.32939
4715.364  22.33313
4716.616  22.34163
4717.869  22.34358
4719.121  22.34317
4720.374  22.34417
4721.626  22.35083
4722.878  22.34812
4724.131  22.3413
4725.383  22.32711
4726.636  22.31555
4727.888  22.29482
4729.140  22.28516
4730.393  22.27538
4731.645  22.26263
4732.898  22.25031
4734.150  22.24381
4735.402  22.22296
4736.655  22.19914
4737.907  22.17673
4739.160  22.15304
4740.412  22.13949
4741.664  22.13416
4742.917  22.15041
4744.169  22.18064
4745.422  22.2252
4746.674  22.27118
4747.926  22.30523
4749.179  22.32708
4750.431  22.3293
4751.684  22.32837
4752.936  22.33615
4754.188  22.35318
4755.441  22.3761
4756.693  22.40406
4757.946  22.43154
4759.198  22.44893
4760.450  22.45406
4761.703  22.46156
4762.955  22.48396
4764.208  22.49441
4765.460  22.48919
4766.712  22.48449
4767.965  22.4919
4769.217  22.49244
4770.470  22.47935
4771.722  22.4758
4772.974  22.46986
4774.227  22.44606
4775.479  22.42436
4776.732  22.40573
4777.984  22.38657
4779.237  22.3868
4780.489  22.39805
4781.741  22.41915
4782.994  22.43098
4784.246  22.43929
4785.499  22.44625
4786.751  22.44616
4788.003  22.43126
4789.256  22.41042
4790.508  22.40338
4791.761  22.40616
4793.013  22.4004
4794.265  22.39171
4795.518  22.39705
4796.770  22.41062
4798.023  22.4135
4799.275  22.41964
4800.527  22.41859
4801.780  22.40329
4803.032  22.39898
4804.285  22.40468
4805.537  22.39372
4806.789  22.38007
4808.042  22.39206
4809.294  22.38922
4810.547  22.37449
4811.799  22.36404
4813.051  22.3286
4814.304  22.28027
4815.556  22.24698
4816.809  22.21826
4818.061  22.19331
4819.313  22.16933
4820.566  22.15822
4821.818  22.15987
4823.071  22.15807
4824.323  22.1581
4825.575  22.15733
4826.828  22.15502
4828.080  22.15219
4829.333  22.1469
4830.585  22.13567
4831.837  22.12302
4833.090  22.11168
4834.342  22.10706
4835.595  22.10647
4836.847  22.10343
4838.099  22.10663
4839.352  22.11033
4840.604  22.11635
4841.857  22.13485
4843.109  22.16109
4844.361  22.18629
4845.614  22.20153
4846.866  22.21
4848.119  22.21989
4849.371  22.23312
4850.623  22.25179
4851.876  22.26464
4853.128  22.279
4854.381  22.30344
4855.633  22.3086
4856.885  22.28668
4858.138  22.26002
4859.390  22.2351
4860.643  22.22043
4861.895  22.22232
4863.147  22.23527
4864.400  22.25818
4865.652  22.27845
4866.905  22.29077
4868.157  22.30059
4869.409  22.30695
4870.662  22.31422
4871.914  22.32403
4873.167  22.32645
4874.419  22.3135
4875.672  22.28911
4876.924  22.25279
4878.176  22.22453
4879.429  22.20599
4880.681  22.18651
4881.934  22.18093
4883.186  22.18809
4884.438  22.19887
4885.691  22.21437
4886.943  22.22587
4888.196  22.23239
4889.448  22.23407
4890.700  22.22902
4891.953  22.2272
4893.205  22.23308
4894.458  22.23444
4895.710  22.23835
4896.962  22.25289
4898.215  22.26472
4899.467  22.27139
4900.720  22.27607
4901.972  22.26964
4903.224  22.25892
4904.477  22.25421
4905.729  22.25234
4906.982  22.25319
4908.234  22.25857
4909.486  22.26284
4910.739  22.26115
4911.991  22.2613
4913.244  22.27066
4914.496  22.27328
4915.748  22.2752
4917.001  22.28944
4918.253  22.29814
4919.506  22.30521
4920.758  22.31442
4922.010  22.30762
4923.263  22.29814
4924.515  22.29711
4925.768  22.28856
4927.020  22.28307
4928.272  22.29108
4929.525  22.29549
4930.777  22.29848
4932.030  22.2888
4933.282  22.27873
4934.534  22.27667
4935.787  22.26575
4937.039  22.26012
4938.292  22.26369
4939.544  22.26961
4940.796  22.2692
4942.049  22.27304
4943.301  22.27758
4944.554  22.28379
4945.806  22.28815
4947.058  22.28044
4948.311  22.26808
4949.563  22.25055
4950.816  22.22552
4952.068  22.21317
4953.320  22.21541
4954.573  22.22343
4955.825  22.24114
4957.078  22.26099
4958.330  22.27086
4959.582  22.26128
4960.835  22.23174
4962.087  22.2039
4963.340  22.18396
4964.592  22.16309
4965.845  22.13395
4967.097  22.11723
4968.349  22.09934
4969.602  22.07023
4970.854  22.03859
4972.107  22.00003
4973.359  21.95362
4974.611  21.90145
4975.864  21.85353
4977.116  21.80742
4978.369  21.75577
4979.621  21.71487
4980.873  21.69103
4982.126  21.67908
4983.378  21.68401
4984.631  21.70553
4985.883  21.73225
4987.135  21.76228
4988.388  21.79957
4989.640  21.84049
4990.893  21.88248
4992.145  21.91778
4993.397  21.96255
4994.650  22.01067
4995.902  22.04813
4997.155  22.08294
4998.407  22.12057
4999.659  22.14479
5000.912  22.15962
5002.164  22.16962
5003.417  22.17284
5004.669  22.18226
5005.921  22.19283
5007.174  22.20257
5008.426  22.2107
5009.679  22.22378
5010.931  22.24475
5012.183  22.26994
5013.436  22.28075
5014.688  22.27221
5015.941  22.26904
5017.193  22.26405
5018.445  22.2491
5019.698  22.25368
5020.950  22.2673
5022.203  22.28463
5023.455  22.29914
5024.707  22.30996
5025.960  22.31648
5027.212  22.30953
5028.465  22.29161
5029.717  22.27518
5030.969  22.27302
5032.222  22.27791
5033.474  22.29208
5034.727  22.32014
5035.979  22.34425
5037.231  22.36109
5038.484  22.37779
5039.736  22.38097
5040.989  22.37479
5042.241  22.36799
5043.493  22.36439
5044.746  22.35534
5045.998  22.3482
5047.251  22.34971
5048.503  22.35299
5049.755  22.35883
5051.008  22.36214
5052.260  22.36209
5053.513  22.35933
5054.765  22.35218
5056.017  22.34538
5057.270  22.33635
5058.522  22.33404
5059.775  22.32465
5061.027  22.30214
5062.280  22.28737
5063.532  22.26449
5064.784  22.24161
5066.037  22.22145
5067.289  22.19878
5068.542  22.19197
5069.794  22.19542
5071.046  22.20141
5072.299  22.21627
5073.551  22.24534
5074.804  22.27212
5076.056  22.26457
5077.308  22.22297
5078.561  22.15255
5079.813  22.06408
5081.066  21.97473
5082.318  21.89506
5083.570  21.84349
5084.823  21.8232
5086.075  21.84295
5087.328  21.90084
5088.580  21.97805
5089.832  22.06693
5091.085  22.14468
5092.337  22.19377
5093.590  22.21281
5094.842  22.21151
5096.094  22.19608
5097.347  22.1764
5098.599  22.15881
5099.852  22.15447
5101.104  22.17525
5102.356  22.21932
5103.609  22.2693
5104.861  22.30316
5106.114  22.31869
5107.366  22.32704
5108.618  22.32934
5109.871  22.31809
5111.123  22.305
5112.376  22.29954
5113.628  22.28275
5114.880  22.27328
5116.133  22.27784
5117.385  22.28527
5118.638  22.30053
5119.890  22.32372
5121.142  22.3468
5122.395  22.36429
5123.647  22.3753
5124.900  22.37739
5126.152  22.36799
5127.404  22.34944
5128.657  22.32297
5129.909  22.29381
5131.162  22.26957
5132.414  22.24572
5133.666  22.22671
5134.919  22.21369
5136.171  22.20573
5137.424  22.20369
5138.676  22.2048
5139.928  22.20516
5141.181  22.19958
5142.433  22.19043
5143.686  22.1801
5144.938  22.15995
5146.190  22.12782
5147.443  22.09484
5148.695  22.06105
5149.948  22.02863
5151.200  21.99787
5152.453  21.98195
5153.705  21.98073
5154.957  21.99386
5156.210  22.02573
5157.462  22.06728
5158.715  22.1045
5159.967  22.15019
5161.219  22.1913
5162.472  22.21926
5163.724  22.25117
5164.977  22.28669
5166.229  22.32025
5167.481  22.34846
5168.734  22.37058
5169.986  22.38523
5171.239  22.38159
5172.491  22.3607
5173.743  22.34209
5174.996  22.32715
5176.248  22.31564
5177.501  22.31145
5178.753  22.3139
5180.005  22.32282
5181.258  22.33934
5182.510  22.35106
5183.763  22.34918
5185.015  22.32056
5186.267  22.26275
5187.520  22.22262
5188.772  22.21188
5190.025  22.21488
5191.277  22.21993
5192.529  22.21494
5193.782  22.1775
5195.034  22.11455
5196.287  22.0439
5197.539  21.983
5198.791  21.94687
5200.044  21.94674
5201.296  21.98214
5202.549  22.04089
5203.801  22.10459
5205.053  22.15845
5206.306  22.19285
5207.558  22.20963
5208.811  22.20493
5210.063  22.19895
5211.315  22.19679
5212.568  22.19972
5213.820  22.20628
5215.073  22.203
5216.325  22.1853
5217.577  22.15702
5218.830  22.1349
5220.082  22.10662
5221.335  22.08498
5222.587  22.09353
5223.839  22.11967
5225.092  22.14499
5226.344  22.1802
5227.597  22.20776
5228.849  22.21597
5230.101  22.21631
5231.354  22.21317
5232.606  22.20561
5233.859  22.1929
5235.111  22.15927
5236.363  22.13019
5237.616  22.11026
5238.868  22.10725
5240.121  22.12945
5241.373  22.16557
5242.626  22.21216
5243.878  22.24969
5245.130  22.26718
5246.383  22.25969
5247.635  22.24995
5248.888  22.24007
5250.140  22.23558
5251.392  22.21095
5252.645  22.16962
5253.897  22.13183
5255.150  22.10577
5256.402  22.08661
5257.654  22.10032
5258.907  22.14371
5260.159  22.20516
5261.412  22.2653
5262.664  22.32314
5263.916  22.36245
5265.169  22.38111
5266.421  22.37998
5267.674  22.37373
5268.926  22.35384
5270.178  22.32853
5271.431  22.29095
5272.683  22.2529
5273.936  22.21804
5275.188  22.19707
5276.440  22.19613
5277.693  22.20406
5278.945  22.2262
5280.198  22.24715
5281.450  22.26217
5282.702  22.26398
5283.955  22.24993
5285.207  22.23275
5286.460  22.22357
5287.712  22.22004
5288.964  22.22466
5290.217  22.22476
5291.469  22.22458
5292.722  22.21612
5293.974  22.21121
5295.226  22.20798
5296.479  22.19092
5297.731  22.1692
5298.984  22.15873
5300.236  22.14919
5301.488  22.14957
5302.741  22.1516
5303.993  22.14956
5305.246  22.15351
5306.498  22.15125
5307.750  22.14539
5309.003  22.1364
5310.255  22.12979
5311.508  22.11969
5312.760  22.1095
5314.012  22.11123
5315.265  22.11725
5316.517  22.12439
5317.770  22.13596
5319.022  22.13466
5320.274  22.12829
5321.527  22.12251
5322.779  22.11913
5324.032  22.11744
5325.284  22.11838
5326.536  22.12107
5327.789  22.11472
5329.041  22.09937
5330.294  22.09036
5331.546  22.07994
5332.798  22.07505
5334.051  22.07745
5335.303  22.08709
5336.556  22.08929
5337.808  22.08585
5339.061  22.07557
5340.313  22.06717
5341.565  22.0643
5342.818  22.06355
5344.070  22.06091
5345.323  22.04444
5346.575  22.02227
5347.827  22.00844
5349.080  21.9938
5350.332  21.9806
5351.585  21.9768
5352.837  21.97813
5354.089  21.98215
5355.342  21.98379
5356.594  21.99541
5357.847  22.02527
5359.099  22.06627
5360.351  22.10267
5361.604  22.14344
5362.856  22.16312
5364.109  22.165
5365.361  22.15885
5366.613  22.14789
5367.866  22.13952
5369.118  22.13373
5370.371  22.12163
5371.623  22.0989
5372.875  22.07058
5374.128  22.04095
5375.380  22.03173
5376.633  22.04384
5377.885  22.05754
5379.137  22.07506
5380.390  22.09417
5381.642  22.10685
5382.895  22.11467
5384.147  22.11058
5385.399  22.1024
5386.652  22.09517
5387.904  22.08168
5389.157  22.06055
5390.409  22.04125
5391.661  22.03155
5392.914  22.03831
5394.166  22.0505
5395.419  22.06939
5396.671  22.09072
5397.923  22.10342
5399.176  22.10423
5400.428  22.09616
5401.681  22.09238
5402.933  22.0974
5404.185  22.09997
5405.438  22.08788
5406.690  22.08091
5407.943  22.06656
5409.195  22.04354
5410.447  22.01376
5411.700  21.98304
5412.952  21.95388
5414.205  21.9241
5415.457  21.90109
5416.709  21.8833
5417.962  21.87378
5419.214  21.87032
5420.467  21.88105
5421.719  21.89291
5422.971  21.89934
5424.224  21.90274
5425.476  21.90381
5426.729  21.91082
5427.981  21.91497
5429.234  21.91674
5430.486  21.91567
5431.738  21.91074
5432.991  21.90545
5434.243  21.89801
5435.496  21.89001
5436.748  21.88304
5438.000  21.87677
5439.253  21.86897
5440.505  21.86033
5441.758  21.85434
5443.010  21.84656
5444.262  21.83981
5445.515  21.83837
5446.767  21.83175
5448.020  21.82208
5449.272  21.82754
5450.524  21.83549
5451.777  21.81871
5453.029  21.7744
5454.282  21.67124
5455.534  21.46856
5456.786  21.19966
5458.039  20.94266
5459.291  20.76314
5460.544  20.69196
5461.796  20.72705
5463.048  20.85829
5464.301  21.08187
5465.553  21.34881
5466.806  21.5723
5468.058  21.71487
5469.310  21.78746
5470.563  21.81991
5471.815  21.84258
5473.068  21.86297
5474.320  21.88271
5475.572  21.89734
5476.825  21.89179
5478.077  21.86578
5479.330  21.81802
5480.582  21.77208
5481.834  21.7404
5483.087  21.72626
5484.339  21.74068
5485.592  21.77934
5486.844  21.82566
5488.096  21.86526
5489.349  21.89783
5490.601  21.91527
5491.854  21.92894
5493.106  21.93602
5494.358  21.93064
5495.611  21.91873
5496.863  21.90896
5498.116  21.90213
5499.368  21.89412
5500.620  21.89248
5501.873  21.90131
5503.125  21.90909
5504.378  21.91834
5505.630  21.91701
5506.882  21.90791
5508.135  21.89236
5509.387  21.86962
5510.640  21.85183
5511.892  21.83237
5513.144  21.81026
5514.397  21.79534
5515.649  21.78449
5516.902  21.77868
5518.154  21.77591
5519.407  21.77475
5520.659  21.7763
5521.911  21.7906
5523.164  21.81214
5524.416  21.83757
5525.669  21.86046
5526.921  21.88467
5528.173  21.90418
5529.426  21.91227
5530.678  21.92311
5531.931  21.93634
5533.183  21.93592
5534.435  21.92739
5535.688  21.91917
5536.940  21.89113
5538.193  21.8562
5539.445  21.82197
5540.697  21.78215
5541.950  21.74975
5543.202  21.73534
5544.455  21.73732
5545.707  21.75006
5546.959  21.76518
5548.212  21.78527
5549.464  21.8134
5550.717  21.8266
5551.969  21.83376
5553.221  21.8453
5554.474  21.85829
5555.726  21.85608
5556.979  21.83252
5558.231  21.80545
5559.483  21.75791
5560.736  21.7021
5561.988  21.65238
5563.241  21.62077
5564.493  21.60381
5565.745  21.59149
5566.998  21.54329
5568.250  21.35314
5569.503  20.6922
5570.755  19.75412
5572.007  18.78827
5573.260  18.24879
5574.512  17.86988
5575.765  17.62313
5577.017  17.54482
5578.269  17.64091
5579.522  17.87868
5580.774  18.27255
5582.027  19.07826
5583.279  19.99569
5584.531  21.12919
5585.784  21.40038
5587.036  21.55991
5588.289  21.60395
5589.541  21.62783
5590.793  21.662
5592.046  21.70147
5593.298  21.7387
5594.551  21.77132
5595.803  21.78666
5597.055  21.7852
5598.308  21.78281
5599.560  21.7681
5600.813  21.74915
5602.065  21.71733
5603.317  21.68233
5604.570  21.66799
5605.822  21.67502
5607.075  21.69962
5608.327  21.74145
5609.579  21.79053
5610.832  21.8312
5612.084  21.84777
5613.337  21.85124
5614.589  21.85198
5615.842  21.84661
5617.094  21.83804
5618.346  21.82725
5619.599  21.80388
5620.851  21.78459
5622.104  21.76963
5623.356  21.75857
5624.608  21.76577
5625.861  21.79625
5627.113  21.83332
5628.366  21.86122
5629.618  21.87562
5630.870  21.88437
5632.123  21.89318
5633.375  21.89193
5634.628  21.88749
5635.880  21.87946
5637.132  21.87055
5638.385  21.86019
5639.637  21.84682
5640.890  21.83052
5642.142  21.80858
5643.394  21.78949
5644.647  21.77519
5645.899  21.77598
5647.152  21.78471
5648.404  21.79807
5649.656  21.80979
5650.909  21.81986
5652.161  21.82857
5653.414  21.8234
5654.666  21.82139
5655.918  21.81426
5657.171  21.78833
5658.423  21.76043
5659.676  21.73214
5660.928  21.65176
5662.180  21.58594
5663.433  21.54503
5664.685  21.51229
5665.938  21.49207
5667.190  21.45941
5668.442  21.41966
5669.695  21.37766
5670.947  21.34155
5672.200  21.32912
5673.452  21.3323
5674.704  21.34501
5675.957  21.35077
5677.209  21.32337
5678.462  21.25478
5679.714  21.1512
5680.966  21.02514
5682.219  20.90034
5683.471  20.79296
5684.724  20.70831
5685.976  20.65006
5687.228  20.6229
5688.481  20.62757
5689.733  20.66637
5690.986  20.73424
5692.238  20.82423
5693.490  20.93064
5694.743  21.03016
5695.995  21.11654
5697.248  21.18896
5698.500  21.23917
5699.752  21.28818
5701.005  21.34567
5702.257  21.40061
5703.510  21.45786
5704.762  21.50264
5706.015  21.52409
5707.267  21.52924
5708.519  21.52156
5709.772  21.52134
5711.024  21.52279
5712.277  21.5307
5713.529  21.55122
5714.781  21.57296
5716.034  21.59917
5717.286  21.61734
5718.539  21.62497
5719.791  21.63201
5721.043  21.63887
5722.296  21.64367
5723.548  21.65541
5724.801  21.67206
5726.053  21.6927
5727.305  21.71418
5728.558  21.73116
5729.810  21.74885
5731.063  21.76565
5732.315  21.77087
5733.567  21.76841
5734.820  21.76974
5736.072  21.77181
5737.325  21.77288
5738.577  21.77621
5739.829  21.77737
5741.082  21.77598
5742.334  21.77242
5743.587  21.77134
5744.839  21.77002
5746.091  21.77466
5747.344  21.77069
5748.596  21.77384
5749.849  21.77376
5751.101  21.77665
5752.353  21.77221
5753.606  21.763
5754.858  21.75302
5756.111  21.73785
5757.363  21.71856
5758.615  21.70408
5759.868  21.68088
5761.120  21.64864
5762.373  21.60038
5763.625  21.52648
5764.877  21.43209
5766.130  21.33453
5767.382  21.24755
5768.635  21.2102
5769.887  21.22176
5771.139  21.27302
5772.392  21.36245
5773.644  21.4642
5774.897  21.54948
5776.149  21.60427
5777.401  21.63731
5778.654  21.64714
5779.906  21.64439
5781.159  21.63276
5782.411  21.60823
5783.663  21.56445
5784.916  21.48968
5786.168  21.39744
5787.421  21.30095
5788.673  21.22248
5789.925  21.18483
5791.178  21.1925
5792.430  21.24033
5793.683  21.31589
5794.935  21.39943
5796.187  21.4572
5797.440  21.40568
5798.692  21.39956
5799.945  21.40828
5801.197  21.44417
5802.450  21.48001
5803.702  21.50009
5804.954  21.50434
5806.207  21.50435
5807.459  21.5132
5808.712  21.51383
5809.964  21.51052
5811.216  21.50079
5812.469  21.49709
5813.721  21.49232
5814.974  21.47903
5816.226  21.46788
5817.478  21.45703
5818.731  21.4501
5819.983  21.44005
5821.236  21.43218
5822.488  21.42277
5823.740  21.41207
5824.993  21.40467
5826.245  21.39423
5827.498  21.38318
5828.750  21.3681
5830.002  21.35649
5831.255  21.3497
5832.507  21.33773
5833.760  21.32668
5835.012  21.31835
5836.264  21.30863
5837.517  21.30093
5838.769  21.29042
5840.022  21.27846
5841.274  21.27091
5842.526  21.26475
5843.779  21.25253
5845.031  21.24355
5846.284  21.23977
5847.536  21.23256
5848.788  21.22363
5850.041  21.20902
5851.293  21.19716
5852.546  21.19139
5853.798  21.18559
5855.050  21.18214
5856.303  21.17774
5857.555  21.16602
5858.808  21.14303
5860.060  21.1065
5861.312  21.0481
5862.565  20.97375
5863.817  20.89984
5865.070  20.83458
5866.322  20.80031
5867.574  20.80616
5868.827  20.84373
5870.079  20.90304
5871.332  20.97419
5872.584  21.04149
5873.836  21.10161
5875.089  21.15909
5876.341  21.21038
5877.594  21.25598
5878.846  21.29317
5880.098  21.3003
5881.351  21.24788
5882.603  21.1064
5883.856  20.85828
5885.108  20.53319
5886.360  20.20898
5887.613  19.96347
5888.865  19.82521
5890.118  19.77699
5891.370  19.78635
5892.623  19.83595
5893.875  19.91211
5895.127  20.00304
5896.380  20.11927
5897.632  20.28485
5898.885  20.51157
5900.137  20.77535
5901.389  20.99032
5902.642  21.10223
5903.894  21.13452
5905.147  21.12899
5906.399  21.12592
5907.651  21.12802
5908.904  21.10937
5910.156  21.07143
5911.409  21.01559
5912.661  20.9484
5913.913  20.89477
5915.166  20.87709
5916.418  20.8996
5917.671  20.94254
5918.923  20.9892
5920.175  21.02296
5921.428  21.02821
5922.680  21.0053
5923.933  20.9753
5925.185  20.95062
5926.437  20.92447
5927.690  20.88896
5928.942  20.84288
5930.195  20.79225
5931.447  20.75289
5932.699  20.7447
5933.952  20.7705
5935.204  20.82389
5936.457  20.89988
5937.709  20.98207
5938.961  21.03788
5940.214  21.06428
5941.466  21.06619
5942.719  21.05472
5943.971  21.04201
5945.223  21.02633
5946.476  21.01046
5947.728  20.98578
5948.981  20.95005
5950.233  20.90153
5951.485  20.86014
5952.738  20.84241
5953.990  20.86039
5955.243  20.90328
5956.495  20.97026
5957.747  21.04027
5959.000  21.08838
5960.252  21.11159
5961.505  21.11979
5962.757  21.12108
5964.009  21.12348
5965.262  21.12411
5966.514  21.1117
5967.767  21.09523
5969.019  21.07555
5970.271  21.05826
5971.524  21.04785
5972.776  21.03802
5974.029  21.02604
5975.281  21.0159
5976.533  21.01507
5977.786  21.03297
5979.038  21.06498
5980.291  21.10535
5981.543  21.14615
5982.796  21.17938
5984.048  21.20094
5985.300  21.20874
5986.553  21.21503
5987.805  21.21698
5989.058  21.22384
5990.310  21.22858
5991.562  21.22361
5992.815  21.21776
5994.067  21.21326
5995.320  21.20825
5996.572  21.20076
5997.824  21.19582
5999.077  21.18955
6000.329  21.18097
6001.582  21.17757
6002.834  21.17983
6004.086  21.19443
6005.339  21.21546
6006.591  21.24057
6007.844  21.2728
6009.096  21.30096
6010.348  21.32118
6011.601  21.33073
6012.853  21.33406
6014.106  21.33989
6015.358  21.3489
6016.610  21.36031
6017.863  21.36606
6019.115  21.36855
6020.368  21.36984
6021.620  21.36738
6022.872  21.36624
6024.125  21.36201
6025.377  21.359
6026.630  21.35581
6027.882  21.34573
6029.134  21.34356
6030.387  21.34402
6031.639  21.33688
6032.892  21.33021
6034.144  21.34406
6035.396  21.36297
6036.649  21.37982
6037.901  21.40018
6039.154  21.41814
6040.406  21.43468
6041.658  21.44698
6042.911  21.45088
6044.163  21.45568
6045.416  21.45983
6046.668  21.46188
6047.920  21.46245
6049.173  21.46428
6050.425  21.47103
6051.678  21.47163
6052.930  21.47837
6054.182  21.483
6055.435  21.48447
6056.687  21.4858
6057.940  21.4817
6059.192  21.47602
6060.444  21.46975
6061.697  21.46135
6062.949  21.45834
6064.202  21.45685
6065.454  21.45535
6066.706  21.46478
6067.959  21.47315
6069.211  21.47909
6070.464  21.48722
6071.716  21.49974
6072.968  21.50843
6074.221  21.51287
6075.473  21.5176
6076.726  21.52316
6077.978  21.5203
6079.231  21.52172
6080.483  21.53698
6081.735  21.54584
6082.988  21.54504
6084.240  21.54364
6085.493  21.54028
6086.745  21.53596
6087.997  21.53637
6089.250  21.53448
6090.502  21.53473
6091.755  21.52768
6093.007  21.51041
6094.259  21.49678
6095.512  21.48245
6096.764  21.4661
6098.017  21.45774
6099.269  21.44405
6100.521  21.42701
6101.774  21.40788
6103.026  21.38478
6104.279  21.3568
6105.531  21.32714
6106.783  21.28222
6108.036  21.23437
6109.288  21.18969
6110.541  21.15204
6111.793  21.12791
6113.045  21.11809
6114.298  21.13206
6115.550  21.16918
6116.803  21.22091
6118.055  21.27589
6119.307  21.33008
6120.560  21.37335
6121.812  21.40717
6123.065  21.43453
6124.317  21.45426
6125.569  21.46407
6126.822  21.4653
6128.074  21.47318
6129.327  21.48117
6130.579  21.48096
6131.831  21.46966
6133.084  21.44735
6134.336  21.4217
6135.589  21.39521
6136.841  21.36734
6138.093  21.34035
6139.346  21.31701
6140.598  21.2976
6141.851  21.28881
6143.103  21.2951
6144.355  21.31531
6145.608  21.344
6146.860  21.3743
6148.113  21.38762
6149.365  21.3701
6150.617  21.34576
6151.870  21.3152
6153.122  21.27731
6154.375  21.25547
6155.627  21.24047
6156.879  21.21524
6158.132  21.19242
6159.384  21.18119
6160.637  21.18167
6161.889  21.20966
6163.141  21.2624
6164.394  21.31701
6165.646  21.36084
6166.899  21.37524
6168.151  21.35582
6169.404  21.33205
6170.656  21.33329
6171.908  21.35729
6173.161  21.39881
6174.413  21.45217
6175.666  21.50546
6176.918  21.55009
6178.170  21.57721
6179.423  21.59
6180.675  21.59725
6181.928  21.6027
6183.180  21.60597
6184.432  21.60649
6185.685  21.60501
6186.937  21.60834
6188.190  21.6051
6189.442  21.59853
6190.694  21.59328
6191.947  21.5843
6193.199  21.58817
6194.452  21.5955
6195.704  21.59327
6196.956  21.58181
6198.209  21.54708
6199.461  21.50135
6200.714  21.45608
6201.966  21.42726
6203.218  21.43019
6204.471  21.45564
6205.723  21.49061
6206.976  21.51583
6208.228  21.52553
6209.480  21.52371
6210.733  21.51514
6211.985  21.51384
6213.238  21.53303
6214.490  21.55523
6215.742  21.55647
6216.995  21.54043
6218.247  21.50312
6219.500  21.45501
6220.752  21.42138
6222.004  21.42585
6223.257  21.46793
6224.509  21.52971
6225.762  21.5906
6227.014  21.61716
6228.266  21.5682
6229.519  21.43684
6230.771  21.24669
6232.024  21.04559
6233.276  20.87474
6234.528  20.76585
6235.781  20.72687
6237.033  20.74938
6238.286  20.82141
6239.538  20.93152
6240.790  21.05139
6242.043  21.15834
6243.295  21.25727
6244.548  21.35213
6245.800  21.43793
6247.052  21.50602
6248.305  21.5625
6249.557  21.58794
6250.810  21.53985
6252.062  21.41333
6253.314  21.23584
6254.567  21.04802
6255.819  20.89166
6257.072  20.80119
6258.324  20.79953
6259.577  20.86339
6260.829  20.96678
6262.081  21.07904
6263.334  21.16743
6264.586  21.22254
6265.839  21.26799
6267.091  21.32705
6268.343  21.40559
6269.596  21.47875
6270.848  21.52317
6272.101  21.54054
6273.353  21.53381
6274.605  21.53104
6275.858  21.53878
6277.110  21.55597
6278.363  21.58886
6279.615  21.60845
6280.867  21.55738
6282.120  21.42779
6283.372  21.26569
6284.625  21.11287
6285.877  20.99992
6287.129  20.96047
6288.382  21.00682
6289.634  21.11599
6290.887  21.22227
6292.139  21.21612
6293.391  21.09982
6294.644  20.717
6295.896  20.13412
6297.149  19.91056
6298.401  19.68109
6299.653  19.58935
6300.906  19.63011
6302.158  19.78427
6303.411  20.02934
6304.663  20.31336
6305.915  20.4825
6307.168  20.70626
6308.420  20.88749
6309.673  21.07573
6310.925  21.28786
6312.177  21.49265
6313.430  21.61907
6314.682  21.64448
6315.935  21.61206
6317.187  21.55521
6318.439  21.48142
6319.692  21.42202
6320.944  21.38622
6322.197  21.37094
6323.449  21.3455
6324.701  21.28727
6325.954  21.18749
6327.206  21.07946
6328.459  21.00244
6329.711  20.98787
6330.963  21.05716
6332.216  21.18456
6333.468  21.34881
6334.721  21.51927
6335.973  21.63471
6337.225  21.68715
6338.478  21.69416
6339.730  21.67455
6340.983  21.65538
6342.235  21.62499
6343.487  21.58332
6344.740  21.54485
6345.992  21.50632
6347.245  21.4776
6348.497  21.46278
6349.749  21.45097
6351.002  21.42061
6352.254  21.35723
6353.507  21.28507
6354.759  21.21373
6356.012  21.13597
6357.264  21.0281
6358.516  20.86802
6359.769  20.81501
6361.021  20.65082
6362.274  20.54324
6363.526  20.52705
6364.778  20.61259
6366.031  20.8055
6367.283  20.96012
6368.536  21.27917
6369.788  21.5508
6371.040  21.68593
6372.293  21.70772
6373.545  21.6808
6374.798  21.64937
6376.050  21.60218
6377.302  21.55438
6378.555  21.52317
6379.807  21.50137
6381.060  21.47736
6382.312  21.45687
6383.564  21.43348
6384.817  21.42094
6386.069  21.42731
6387.322  21.46515
6388.574  21.53131
6389.826  21.6053
6391.079  21.67037
6392.331  21.71294
6393.584  21.73861
6394.836  21.74833
6396.088  21.74578
6397.341  21.72936
6398.593  21.70572
6399.846  21.68458
6401.098  21.66565
6402.350  21.66546
6403.603  21.68736
6404.855  21.71487
6406.108  21.73212
6407.360  21.7421
6408.612  21.73807
6409.865  21.70903
6411.117  21.67268
6412.370  21.64961
6413.622  21.63494
6414.874  21.63415
6416.127  21.6439
6417.379  21.64325
6418.632  21.63894
6419.884  21.64589
6421.136  21.66504
6422.389  21.68734
6423.641  21.71363
6424.894  21.74033
6426.146  21.76687
6427.398  21.79335
6428.651  21.81431
6429.903  21.81692
6431.156  21.80909
6432.408  21.80563
6433.660  21.8098
6434.913  21.81258
6436.165  21.81403
6437.418  21.81938
6438.670  21.8167
6439.922  21.81599
6441.175  21.81902
6442.427  21.81845
6443.680  21.80598
6444.932  21.78284
6446.185  21.76405
6447.437  21.74433
6448.689  21.71869
6449.942  21.6935
6451.194  21.68316
6452.447  21.67657
6453.699  21.66633
6454.951  21.65526
6456.204  21.64471
6457.456  21.61586
6458.709  21.55096
6459.961  21.45891
6461.213  21.34265
6462.466  21.22779
6463.718  21.14012
6464.971  21.07653
6466.223  21.03971
6467.475  21.03186
6468.728  21.0566
6469.980  21.11238
6471.233  21.20169
6472.485  21.30157
6473.737  21.404
6474.990  21.50259
6476.242  21.57254
6477.495  21.61687
6478.747  21.65061
6479.999  21.69514
6481.252  21.74544
6482.504  21.7917
6483.757  21.84172
6485.009  21.8822
6486.261  21.90953
6487.514  21.90011
6488.766  21.87072
6490.019  21.83832
6491.271  21.75419
6492.523  21.57883
6493.776  21.34125
6495.028  21.11097
6496.281  20.92076
6497.533  20.8024
6498.785  20.77326
6500.038  20.82869
6501.290  20.93559
6502.543  21.06366
6503.795  21.19354
6505.047  21.29525
6506.300  21.38744
6507.552  21.48367
6508.805  21.5777
6510.057  21.65577
6511.309  21.69669
6512.562  21.72544
6513.814  21.74433
6515.067  21.75374
6516.319  21.74896
6517.571  21.709
6518.824  21.64691
6520.076  21.58298
6521.329  21.52555
6522.581  21.51199
6523.833  21.53744
6525.086  21.5658
6526.338  21.54738
6527.591  21.43688
6528.843  21.26849
6530.095  21.09723
6531.348  20.97123
6532.600  20.92919
6533.853  20.984
6535.105  21.12364
6536.358  21.30611
6537.610  21.46016
6538.862  21.52892
6540.115  21.49427
6541.367  21.41807
6542.620  21.36399
6543.872  21.35547
6545.124  21.38956
6546.377  21.42238
6547.629  21.38116
6548.882  21.2604
6550.134  21.10485
6551.386  20.95557
6552.639  20.87138
6553.891  20.8816
6555.144  20.96963
6556.396  21.07623
6557.648  21.13346
6558.901  21.1142
6560.153  21.03371
6561.406  20.95311
6562.658  20.93702
6563.910  20.98907
6565.163  21.09099
6566.415  21.2121
6567.668  21.32359
6568.920  21.40869
6570.172  21.43656
6571.425  21.40504
6572.677  21.32026
6573.930  21.21064
6575.182  21.10489
6576.434  21.03657
6577.687  21.04838
6578.939  21.13088
6580.192  21.26481
6581.444  21.41679
6582.696  21.54842
6583.949  21.65187
6585.201  21.69424
6586.454  21.72105
6587.706  21.74909
6588.958  21.75105
6590.211  21.72958
6591.463  21.69856
6592.716  21.65304
6593.968  21.60598
6595.220  21.57378
6596.473  21.56092
6597.725  21.55334
6598.978  21.52442
6600.230  21.47548
6601.482  21.42423
6602.735  21.37702
6603.987  21.37327
6605.240  21.43049
6606.492  21.51783
6607.744  21.63503
6608.997  21.74747
6610.249  21.8166
6611.502  21.83903
6612.754  21.84783
6614.006  21.85248
6615.259  21.84861
6616.511  21.84012
6617.764  21.83208
6619.016  21.83191
6620.268  21.83503
6621.521  21.82181
6622.773  21.79554
6624.026  21.76615
6625.278  21.74511
6626.530  21.71732
6627.783  21.69582
6629.035  21.67418
6630.288  21.65541
6631.540  21.63609
6632.793  21.61451
6634.045  21.61419
6635.297  21.63428
6636.550  21.67555
6637.802  21.71931
6639.055  21.76029
6640.307  21.77952
6641.559  21.78421
6642.812  21.81198
6644.064  21.84162
6645.317  21.84011
6646.569  21.83608
6647.821  21.83277
6649.074  21.82025
6650.326  21.82322
6651.579  21.82615
6652.831  21.81753
6654.083  21.8137
6655.336  21.80979
6656.588  21.8105
6657.841  21.79675
6659.093  21.7701
6660.345  21.7569
6661.598  21.74423
6662.850  21.72692
6664.103  21.7051
6665.355  21.70036
6666.607  21.7098
6667.860  21.71579
6669.112  21.73719
6670.365  21.76974
6671.617  21.79817
6672.869  21.81128
6674.122  21.80773
6675.374  21.80373
6676.627  21.79287
6677.879  21.7828
6679.131  21.78965
6680.384  21.80108
6681.636  21.80472
6682.889  21.79927
6684.141  21.7973
6685.393  21.79912
6686.646  21.80942
6687.898  21.82026
6689.151  21.82137
6690.403  21.82323
6691.655  21.82809
6692.908  21.82467
6694.160  21.80064
6695.413  21.76744
6696.665  21.73345
6697.917  21.70768
6699.170  21.67617
6700.422  21.65562
6701.675  21.64676
6702.927  21.63258
6704.179  21.61517
6705.432  21.59686
6706.684  21.5835
6707.937  21.59119
6709.189  21.61004
6710.441  21.63128
6711.694  21.65233
6712.946  21.65435
6714.199  21.63883
6715.451  21.63365
6716.703  21.63921
6717.956  21.6663
6719.208  21.70124
6720.461  21.74253
6721.713  21.77232
6722.966  21.78495
6724.218  21.77744
6725.470  21.75891
6726.723  21.73678
6727.975  21.7204
6729.228  21.71322
6730.480  21.71369
6731.732  21.73017
6732.985  21.74392
6734.237  21.74299
6735.490  21.75019
6736.742  21.7395
6737.994  21.72728
6739.247  21.70883
6740.499  21.69682
6741.752  21.68458
6743.004  21.68414
6744.256  21.6923
6745.509  21.70932
6746.761  21.74242
6748.014  21.76944
6749.266  21.78623
6750.518  21.79543
6751.771  21.79808
6753.023  21.7936
6754.276  21.79348
6755.528  21.79305
6756.780  21.78873
6758.033  21.78841
6759.285  21.79085
6760.538  21.77317
6761.790  21.78829
6763.042  21.80603
6764.295  21.81109
6765.547  21.80812
6766.800  21.81597
6768.052  21.82676
6769.304  21.83565
6770.557  21.83382
6771.809  21.82033
6773.062  21.80934
6774.314  21.81631
6775.566  21.81965
6776.819  21.82063
6778.071  21.81214
6779.324  21.80587
6780.576  21.79679
6781.828  21.79032
6783.081  21.77647
6784.333  21.7693
6785.586  21.77244
6786.838  21.76754
6788.090  21.76796
6789.343  21.7799
6790.595  21.79033
6791.848  21.81163
6793.100  21.82933
6794.352  21.83875
6795.605  21.83256
6796.857  21.82383
6798.110  21.82338
6799.362  21.81864
6800.614  21.80809
6801.867  21.80478
6803.119  21.81819
6804.372  21.817
6805.624  21.81452
6806.876  21.81495
6808.129  21.81309
6809.381  21.81163
6810.634  21.80653
6811.886  21.81476
6813.138  21.81199
6814.391  21.79341
6815.643  21.77889
6816.896  21.77862
6818.148  21.77686
6819.401  21.76838
6820.653  21.72934
6821.905  21.62547
6823.158  21.39975
6824.410  21.06557
6825.663  20.73741
6826.915  20.48733
6828.167  20.31526
6829.420  20.21028
6830.672  20.27146
6831.925  20.28232
6833.177  20.35046
6834.429  20.46099
6835.682  20.61051
6836.934  20.809
6838.187  21.02107
6839.439  21.08949
6840.691  21.19281
6841.944  21.24411
6843.196  21.31143
6844.449  21.42172
6845.701  21.54221
6846.953  21.62964
6848.206  21.67436
6849.458  21.66775
6850.711  21.66294
6851.963  21.67418
6853.215  21.67877
6854.468  21.68287
6855.720  21.69141
6856.973  21.56418
6858.225  21.23027
6859.477  20.76158
6860.730  20.32557
6861.982  20.04235
6863.235  19.92232
6864.487  20.06121
6865.739  20.24111
6866.992  20.33677
6868.244  21.14847
6869.497  21.45544
6870.749  21.64302
