3750.000  23.62386
3751.252  23.65004
3752.505  23.60697
3753.757  23.49317
3755.009  23.50092
3756.262  23.58273
3757.514  23.66214
3758.766  23.81582
3760.018  23.82121
3761.271  23.7373
3762.523  23.71386
3763.775  23.72457
3765.028  23.85454
3766.280  23.96762
3767.532  23.87956
3768.785  23.73965
3770.037  23.68752
3771.289  23.70074
3772.542  23.65702
3773.794  23.53388
3775.046  23.43072
3776.298  23.47685
3777.551  23.52638
3778.803  23.48773
3780.055  23.46447
3781.308  23.46764
3782.560  23.48341
3783.812  23.50911
3785.065  23.52859
3786.317  23.6283
3787.569  23.69801
3788.822  23.61027
3790.074  23.58025
3791.326  23.57766
3792.578  23.49531
3793.831  23.46193
3795.083  23.56823
3796.335  23.71811
3797.588  23.7221
3798.840  23.71937
3800.092  23.64743
3801.345  23.58466
3802.597  23.69337
3803.849  23.70639
3805.102  23.62169
3806.354  23.58107
3807.606  23.62277
3808.858  23.62981
3810.111  23.52834
3811.363  23.43124
3812.615  23.37601
3813.868  23.34513
3815.120  23.38778
3816.372  23.40989
3817.625  23.35619
3818.877  23.38937
3820.129  23.44345
3821.381  23.55079
3822.634  23.61454
3823.886  23.51503
3825.138  23.4526
3826.391  23.49368
3827.643  23.37307
3828.895  23.19766
3830.148  23.19445
3831.400  23.16678
3832.652  23.16154
3833.905  23.17357
3835.157  23.22486
3836.409  23.32359
3837.661  23.39227
3838.914  23.4227
3840.166  23.43988
3841.418  23.38616
3842.671  23.31651
3843.923  23.30513
3845.175  23.27898
3846.428  23.25074
3847.680  23.25365
3848.932  23.30775
3850.185  23.39489
3851.437  23.42027
3852.689  23.42893
3853.941  23.50637
3855.194  23.53407
3856.446  23.54047
3857.698  23.60562
3858.951  23.68766
3860.203  23.73408
3861.455  23.6832
3862.708  23.5945
3863.960  23.53423
3865.212  23.51545
3866.465  23.61119
3867.717  23.66868
3868.969  23.69157
3870.221  23.69124
3871.474  23.70491
3872.726  23.7301
3873.978  23.67598
3875.231  23.62931
3876.483  23.60046
3877.735  23.59988
3878.988  23.7205
3880.240  23.83188
3881.492  23.85232
3882.745  23.84529
3883.997  23.92327
3885.249  23.99286
3886.501  23.89576
3887.754  23.89698
3889.006  23.97913
3890.258  23.8493
3891.511  23.67755
3892.763  23.68913
3894.015  23.6915
3895.268  23.53748
3896.520  23.46655
3897.772  23.44617
3899.025  23.39064
3900.277  23.3908
3901.529  23.37083
3902.781  23.25739
3904.034  23.15739
3905.286  23.12349
3906.538  23.02987
3907.791  22.95972
3909.043  22.93811
3910.295  22.90123
3911.548  22.92661
3912.800  22.96108
3914.052  22.99253
3915.305  23.05899
3916.557  23.12966
3917.809  23.20523
3919.061  23.30115
3920.314  23.37173
3921.566  23.4318
3922.818  23.4743
3924.071  23.50774
3925.323  23.60854
3926.575  23.7242
3927.828  23.77591
3929.080  23.84506
3930.332  23.98109
3931.585  24.05137
3932.837  23.9977
3934.089  23.94607
3935.341  23.88557
3936.594  23.81563
3937.846  23.67015
3939.098  23.50376
3940.351  23.36938
3941.603  23.2388
3942.855  23.20929
3944.108  23.18833
3945.360  23.1833
3946.612  23.19437
3947.865  23.15774
3949.117  23.16289
3950.369  23.23664
3951.621  23.26028
3952.874  23.22407
3954.126  23.28283
3955.378  23.30379
3956.631  23.26984
3957.883  23.32727
3959.135  23.39361
3960.388  23.4248
3961.640  23.45457
3962.892  23.58856
3964.144  23.78793
3965.397  23.94547
3966.649  24.10314
3967.901  24.15972
3969.154  24.10495
3970.406  23.97564
3971.658  23.74735
3972.911  23.59248
3974.163  23.53122
3975.415  23.38331
3976.668  23.30049
3977.920  23.26968
3979.172  23.22106
3980.424  23.1733
3981.677  23.14307
3982.929  23.15812
3984.181  23.18516
3985.434  23.18935
3986.686  23.15567
3987.938  23.16209
3989.191  23.15757
3990.443  23.09721
3991.695  23.09221
3992.948  23.14054
3994.200  23.15878
3995.452  23.14259
3996.704  23.13557
3997.957  23.12361
3999.209  23.07172
4000.461  23.0316
4001.714  23.03382
4002.966  23.06581
4004.218  23.06342
4005.471  23.00053
4006.723  22.93526
4007.975  22.89925
4009.228  22.8734
4010.480  22.83474
4011.732  22.81806
4012.984  22.85546
4014.237  22.88536
4015.489  22.86964
4016.741  22.87353
4017.994  22.85791
4019.246  22.82028
4020.498  22.81652
4021.751  22.85353
4023.003  22.86069
4024.255  22.85967
4025.508  22.87807
4026.760  22.88606
4028.012  22.91302
4029.264  22.94444
4030.517  22.97881
4031.769  22.97846
4033.021  23.00728
4034.274  23.04654
4035.526  22.97106
4036.778  22.88653
4038.031  22.85472
4039.283  22.79343
4040.535  22.75356
4041.788  22.69036
4043.040  22.61028
4044.292  22.54338
4045.544  22.48623
4046.797  22.46246
4048.049  22.47658
4049.301  22.5314
4050.554  22.63014
4051.806  22.72684
4053.058  22.80551
4054.311  22.85065
4055.563  22.86349
4056.815  22.86515
4058.068  22.83734
4059.320  22.8271
4060.572  22.81377
4061.824  22.78708
4063.077  22.7463
4064.329  22.70291
4065.581  22.69944
4066.834  22.69157
4068.086  22.69002
4069.338  22.71904
4070.591  22.75125
4071.843  22.77259
4073.095  22.76556
4074.348  22.75115
4075.600  22.74935
4076.852  22.72466
4078.104  22.6875
4079.357  22.68567
4080.609  22.70632
4081.861  22.69556
4083.114  22.70613
4084.366  22.73598
4085.618  22.75264
4086.871  22.77369
4088.123  22.79128
4089.375  22.79375
4090.628  22.79443
4091.880  22.79517
4093.132  22.83575
4094.384  22.85725
4095.637  22.88326
4096.889  22.92993
4098.141  22.95814
4099.394  23.00647
4100.646  23.05367
4101.898  23.08873
4103.151  23.0567
4104.403  23.01581
4105.655  22.99068
4106.907  22.93806
4108.160  22.93505
4109.412  22.92558
4110.664  22.89697
4111.917  22.89844
4113.169  22.90115
4114.421  22.89402
4115.674  22.88612
4116.926  22.85952
4118.178  22.86143
4119.431  22.85503
4120.683  22.84866
4121.935  22.83484
4123.187  22.79245
4124.440  22.75911
4125.692  22.76742
4126.944  22.78138
4128.197  22.78047
4129.449  22.79719
4130.701  22.79712
4131.954  22.78785
4133.206  22.77805
4134.458  22.74231
4135.711  22.72262
4136.963  22.73392
4138.215  22.73536
4139.467  22.72844
4140.720  22.78173
4141.972  22.81042
4143.224  22.81399
4144.477  22.85014
4145.729  22.87686
4146.981  22.864
4148.234  22.81852
4149.486  22.78954
4150.738  22.79689
4151.991  22.7848
4153.243  22.76017
4154.495  22.72899
4155.747  22.7075
4157.000  22.70703
4158.252  22.66996
4159.504  22.62626
4160.757  22.59431
4162.009  22.57626
4163.261  22.55754
4164.514  22.53294
4165.766  22.49813
4167.018  22.49244
4168.271  22.52476
4169.523  22.55484
4170.775  22.57264
4172.027  22.61026
4173.280  22.66038
4174.532  22.68076
4175.784  22.67624
4177.037  22.66669
4178.289  22.67631
4179.541  22.69914
4180.794  22.73656
4182.046  22.75523
4183.298  22.73519
4184.551  22.75129
4185.803  22.77392
4187.055  22.78334
4188.307  22.79409
4189.560  22.79096
4190.812  22.77924
4192.064  22.76046
4193.317  22.78652
4194.569  22.81844
4195.821  22.82177
4197.074  22.85048
4198.326  22.89639
4199.578  22.911
4200.831  22.87449
4202.083  22.85291
4203.335  22.83676
4204.587  22.80832
4205.840  22.75944
4207.092  22.74442
4208.344  22.77852
4209.597  22.76929
4210.849  22.77284
4212.101  22.77493
4213.354  22.75558
4214.606  22.76621
4215.858  22.76741
4217.111  22.78778
4218.363  22.81162
4219.615  22.80721
4220.867  22.82098
4222.120  22.85321
4223.372  22.88696
4224.624  22.90893
4225.877  22.91758
4227.129  22.91175
4228.381  22.89795
4229.634  22.87922
4230.886  22.86188
4232.138  22.82746
4233.390  22.79964
4234.643  22.82108
4235.895  22.84859
4237.147  22.82784
4238.400  22.82227
4239.652  22.82355
4240.904  22.82968
4242.157  22.80543
4243.409  22.77039
4244.661  22.74126
4245.914  22.69735
4247.166  22.66715
4248.418  22.67301
4249.670  22.68981
4250.923  22.70881
4252.175  22.73442
4253.427  22.74402
4254.680  22.72106
4255.932  22.70876
4257.184  22.73335
4258.437  22.76781
4259.689  22.75987
4260.941  22.75503
4262.194  22.76483
4263.446  22.75456
4264.698  22.73784
4265.950  22.72027
4267.203  22.71658
4268.455  22.73844
4269.707  22.76863
4270.960  22.80453
4272.212  22.81875
4273.464  22.79228
4274.717  22.76469
4275.969  22.7675
4277.221  22.73966
4278.474  22.71913
4279.726  22.74202
4280.978  22.7541
4282.230  22.75259
4283.483  22.76682
4284.735  22.77672
4285.987  22.79466
4287.240  22.84201
4288.492  22.85492
4289.744  22.83004
4290.997  22.79631
4292.249  22.77985
4293.501  22.77403
4294.754  22.77675
4296.006  22.80868
4297.258  22.87414
4298.510  22.92383
4299.763  22.93329
4301.015  22.96619
4302.267  22.99186
4303.520  22.95468
4304.772  22.9392
4306.024  22.94637
4307.277  22.92352
4308.529  22.87582
4309.781  22.82197
4311.034  22.77816
4312.286  22.73868
4313.538  22.65894
4314.790  22.57245
4316.043  22.55005
4317.295  22.54613
4318.547  22.54724
4319.800  22.54961
4321.052  22.60174
4322.304  22.65895
4323.557  22.68136
4324.809  22.73949
4326.061  22.74883
4327.314  22.73035
4328.566  22.70292
4329.818  22.68987
4331.070  22.67952
4332.323  22.66721
4333.575  22.67305
4334.827  22.69443
4336.080  22.73601
4337.332  22.77791
4338.584  22.78956
4339.837  22.81383
4341.089  22.79881
4342.341  22.76512
4343.594  22.70787
4344.846  22.64305
4346.098  22.61621
4347.350  22.60365
4348.603  22.61274
4349.855  22.61842
4351.107  22.61043
4352.360  22.56691
4353.612  22.43522
4354.864  22.19527
4356.117  21.97346
4357.369  21.85264
4358.621  21.81606
4359.874  21.85683
4361.126  21.98464
4362.378  22.2052
4363.630  22.3982
4364.883  22.51023
4366.135  22.55499
4367.387  22.56149
4368.640  22.58705
4369.892  22.61026
4371.144  22.61163
4372.397  22.59772
4373.649  22.58104
4374.901  22.58291
4376.153  22.58362
4377.406  22.56932
4378.658  22.59003
4379.910  22.63928
4381.163  22.6763
4382.415  22.71052
4383.667  22.74
4384.920  22.73914
4386.172  22.71007
4387.424  22.67881
4388.677  22.67028
4389.929  22.66105
4391.181  22.64482
4392.433  22.64822
4393.686  22.63959
4394.938  22.60966
4396.190  22.59665
4397.443  22.58021
4398.695  22.56216
4399.947  22.54507
4401.200  22.52477
4402.452  22.51299
4403.704  22.5105
4404.957  22.49562
4406.209  22.4595
4407.461  22.42913
4408.713  22.40731
4409.966  22.39506
4411.218  22.40915
4412.470  22.41065
4413.723  22.39348
4414.975  22.38717
4416.227  22.38926
4417.480  22.38734
4418.732  22.38785
4419.984  22.37837
4421.237  22.38375
4422.489  22.39451
4423.741  22.39702
4424.993  22.41711
4426.246  22.42937
4427.498  22.43132
4428.750  22.44535
4430.003  22.46721
4431.255  22.49117
4432.507  22.50442
4433.760  22.49841
4435.012  22.49938
4436.264  22.49373
4437.517  22.48377
4438.769  22.46181
4440.021  22.46622
4441.273  22.4779
4442.526  22.49543
4443.778  22.50798
4445.030  22.50101
4446.283  22.47687
4447.535  22.47537
4448.787  22.48991
4450.040  22.49244
4451.292  22.50132
4452.544  22.52855
4453.797  22.55852
4455.049  22.58692
4456.301  22.58586
4457.553  22.59007
4458.806  22.60595
4460.058  22.60276
4461.310  22.58615
4462.563  22.56639
4463.815  22.55196
4465.067  22.55373
4466.320  22.54529
4467.572  22.52735
4468.824  22.53658
4470.077  22.55547
4471.329  22.53406
4472.581  22.51208
4473.833  22.49697
4475.086  22.46746
4476.338  22.46994
4477.590  22.49071
4478.843  22.51189
4480.095  22.515
4481.347  22.50111
4482.600  22.49957
4483.852  22.50532
4485.104  22.48698
4486.357  22.47667
4487.609  22.48181
4488.861  22.48697
4490.113  22.48681
4491.366  22.47496
4492.618  22.47412
4493.870  22.46758
4495.123  22.44373
4496.375  22.43607
4497.627  22.43513
4498.880  22.43703
4500.132  22.42995
4501.384  22.43026
4502.637  22.42897
4503.889  22.40334
4505.141  22.40278
4506.393  22.40187
4507.646  22.39314
4508.898  22.41388
4510.150  22.43429
4511.403  22.43115
4512.655  22.43509
4513.907  22.46598
4515.160  22.46886
4516.412  22.44183
4517.664  22.44519
4518.916  22.44399
4520.169  22.42031
4521.421  22.40491
4522.673  22.39672
4523.926  22.41542
4525.178  22.43851
4526.430  22.44528
4527.683  22.44731
4528.935  22.43726
4530.187  22.42559
4531.440  22.41379
4532.692  22.39562
4533.944  22.38296
4535.196  22.37311
4536.449  22.36056
4537.701  22.36374
4538.953  22.35595
4540.206  22.33633
4541.458  22.33421
4542.710  22.34148
4543.963  22.33413
4545.215  22.34701
4546.467  22.35755
4547.720  22.35504
4548.972  22.3755
4550.224  22.39307
4551.476  22.39461
4552.729  22.39654
4553.981  22.39706
4555.233  22.39804
4556.486  22.40321
4557.738  22.3904
4558.990  22.3774
4560.243  22.3926
4561.495  22.40316
4562.747  22.39911
4564.000  22.41186
4565.252  22.42525
4566.504  22.41835
4567.756  22.40851
4569.009  22.41248
4570.261  22.42224
4571.513  22.41234
4572.766  22.40001
4574.018  22.39987
4575.270  22.38421
4576.523  22.375
4577.775  22.37626
4579.027  22.37177
4580.280  22.38124
4581.532  22.398
4582.784  22.3933
4584.036  22.40005
4585.289  22.39964
4586.541  22.38801
4587.793  22.38734
4589.046  22.39435
4590.298  22.40574
4591.550  22.41558
4592.803  22.41971
4594.055  22.41945
4595.307  22.41948
4596.560  22.43025
4597.812  22.43425
4599.064  22.42915
4600.316  22.41846
4601.569  22.41895
4602.821  22.42526
4604.073  22.43871
4605.326  22.43301
4606.578  22.40129
4607.830  22.38758
4609.083  22.38628
4610.335  22.38173
4611.587  22.38493
4612.840  22.40353
4614.092  22.42176
4615.344  22.41905
4616.596  22.41838
4617.849  22.40834
4619.101  22.39696
4620.353  22.40533
4621.606  22.40617
4622.858  22.39484
4624.110  22.38449
4625.363  22.37679
4626.615  22.37854
4627.867  22.38573
4629.120  22.39788
4630.372  22.39929
4631.624  22.3989
4632.876  22.40302
4634.129  22.40726
4635.381  22.41223
4636.633  22.41814
4637.886  22.414
4639.138  22.41784
4640.390  22.4169
4641.643  22.41561
4642.895  22.43149
4644.147  22.44859
4645.399  22.4492
4646.652  22.44193
4647.904  22.44025
4649.156  22.4368
4650.409  22.43151
4651.661  22.41108
4652.913  22.39546
4654.166  22.38644
4655.418  22.35936
4656.670  22.33451
4657.923  22.30576
4659.175  22.28684
4660.427  22.27244
4661.679  22.26348
4662.932  22.27053
4664.184  22.28437
4665.436  22.30393
4666.689  22.31754
4667.941  22.32275
4669.193  22.30941
4670.446  22.27996
4671.698  22.26567
4672.950  22.25932
4674.203  22.24825
4675.455  22.24001
4676.707  22.26702
4677.959  22.29815
4679.212  22.2965
4680.464  22.31068
4681.716  22.31794
4682.969  22.30351
4684.221  22.29515
4685.473  22.30509
4686.726  22.31825
4687.978  22.3229
4689.230  22.32587
4690.483  22.32533
4691.735  22.31867
4692.987  22.32642
4694.239  22.33797
4695.492  22.34492
4696.744  22.35154
4697.996  22.36415
4699.249  22.37845
4700.501  22.38253
4701.753  22.39727
4703.006  22.39915
4704.258  22.36975
4705.510  22.35626
4706.763  22.35323
4708.015  22.3414
4709.267  22.33459
4710.519  22.34235
4711.772  22.34591
4713.024  22.33045
4714.276  22.3334
4715.529  22.34539
4716.781  22.33739
4718.033  22.32689
4719.286  22.30754
4720.538  22.29463
4721.790  22.30545
4723.043  22.31273
4724.295  22.3262
4725.547  22.32838
4726.799  22.3191
4728.052  22.32481
4729.304  22.33151
4730.556  22.32965
4731.809  22.32521
4733.061  22.31771
4734.313  22.31931
4735.566  22.31048
4736.818  22.28626
4738.070  22.27178
4739.323  22.26614
4740.575  22.25395
4741.827  22.24872
4743.079  22.26116
4744.332  22.26496
4745.584  22.26834
4746.836  22.29367
4748.089  22.3084
4749.341  22.29833
4750.593  22.29848
4751.846  22.32213
4753.098  22.33981
4754.350  22.34064
4755.603  22.34036
4756.855  22.3549
4758.107  22.36192
4759.359  22.36019
4760.612  22.37811
4761.864  22.39861
4763.116  22.39194
4764.369  22.38782
4765.621  22.40689
4766.873  22.40545
4768.126  22.39306
4769.378  22.38479
4770.630  22.37594
4771.883  22.36828
4773.135  22.35735
4774.387  22.33823
4775.639  22.324
4776.892  22.32136
4778.144  22.32451
4779.396  22.31619
4780.649  22.31179
4781.901  22.33472
4783.153  22.3464
4784.406  22.34117
4785.658  22.34748
4786.910  22.34983
4788.162  22.35764
4789.415  22.35722
4790.667  22.32971
4791.919  22.32217
4793.172  22.31434
4794.424  22.30521
4795.676  22.31292
4796.929  22.31856
4798.181  22.32651
4799.433  22.33414
4800.686  22.32133
4801.938  22.31871
4803.190  22.31019
4804.442  22.30812
4805.695  22.32394
4806.947  22.328
4808.199  22.31493
4809.452  22.30781
4810.704  22.30385
4811.956  22.31279
4813.209  22.3056
4814.461  22.26931
4815.713  22.24297
4816.966  22.22163
4818.218  22.19656
4819.470  22.19224
4820.722  22.19162
4821.975  22.19396
4823.227  22.19621
4824.479  22.20331
4825.732  22.21209
4826.984  22.20771
4828.236  22.203
4829.489  22.19084
4830.741  22.18912
4831.993  22.19075
4833.246  22.19083
4834.498  22.19188
4835.750  22.19028
4837.002  22.18969
4838.255  22.1874
4839.507  22.18697
4840.759  22.19913
4842.012  22.20947
4843.264  22.21275
4844.516  22.21446
4845.769  22.21993
4847.021  22.23034
4848.273  22.24523
4849.526  22.24896
4850.778  22.24878
4852.030  22.26815
4853.282  22.29385
4854.535  22.3164
4855.787  22.34436
4857.039  22.36612
4858.292  22.37783
4859.544  22.38645
4860.796  22.39232
4862.049  22.38881
4863.301  22.37231
4864.553  22.36286
4865.806  22.34381
4867.058  22.3305
4868.310  22.32875
4869.562  22.32767
4870.815  22.33772
4872.067  22.35497
4873.319  22.36147
4874.572  22.33471
4875.824  22.3015
4877.076  22.2802
4878.329  22.25259
4879.581  22.23603
4880.833  22.23064
4882.086  22.22931
4883.338  22.23286
4884.590  22.23502
4885.842  22.25296
4887.095  22.27259
4888.347  22.28953
4889.599  22.29432
4890.852  22.27915
4892.104  22.26314
4893.356  22.25465
4894.609  22.25241
4895.861  22.23918
4897.113  22.22749
4898.366  22.22418
4899.618  22.2293
4900.870  22.23872
4902.122  22.25498
4903.375  22.25979
4904.627  22.24072
4905.879  22.23996
4907.132  22.25648
4908.384  22.25963
4909.636  22.26779
4910.889  22.27417
4912.141  22.26596
4913.393  22.25515
4914.646  22.25354
4915.898  22.27113
4917.150  22.30088
4918.402  22.32018
4919.655  22.33516
4920.907  22.33381
4922.159  22.32045
4923.412  22.3037
4924.664  22.2911
4925.916  22.2728
4927.169  22.27107
4928.421  22.27269
4929.673  22.26909
4930.925  22.25096
4932.178  22.25463
4933.430  22.26983
4934.682  22.27327
4935.935  22.27607
4937.187  22.27561
4938.439  22.27167
4939.692  22.2649
4940.944  22.25649
4942.196  22.24763
4943.449  22.23771
4944.701  22.24118
4945.953  22.24244
4947.205  22.23919
4948.458  22.2354
4949.710  22.22399
4950.962  22.21318
4952.215  22.2167
4953.467  22.23277
4954.719  22.24717
4955.972  22.26439
4957.224  22.26703
4958.476  22.26454
4959.729  22.25962
4960.981  22.2423
4962.233  22.20528
4963.485  22.18925
4964.738  22.18969
4965.990  22.18954
4967.242  22.18501
4968.495  22.16235
4969.747  22.14658
4970.999  22.13658
4972.252  22.11018
4973.504  22.08241
4974.756  22.06348
4976.009  22.04983
4977.261  22.03337
4978.513  22.01273
4979.765  22.00645
4981.018  22.01018
4982.270  22.01352
4983.522  22.00599
4984.775  22.00526
4986.027  22.01968
4987.279  22.02536
4988.532  22.03333
4989.784  22.04814
4991.036  22.05526
4992.289  22.07052
4993.541  22.09549
4994.793  22.11971
4996.045  22.13855
4997.298  22.1572
4998.550  22.17354
4999.802  22.19415
5001.055  22.21059
5002.307  22.21962
5003.559  22.21635
5004.812  22.22099
5006.064  22.23439
5007.316  22.23838
5008.569  22.23464
5009.821  22.23513
5011.073  22.25695
5012.325  22.26497
5013.578  22.27996
5014.830  22.29944
5016.082  22.29458
5017.335  22.28555
5018.587  22.27023
5019.839  22.26442
5021.092  22.27595
5022.344  22.27274
5023.596  22.26238
5024.849  22.25923
5026.101  22.26455
5027.353  22.27433
5028.605  22.26569
5029.858  22.23747
5031.110  22.22803
5032.362  22.23337
5033.615  22.24441
5034.867  22.26628
5036.119  22.28107
5037.372  22.29132
5038.624  22.31945
5039.876  22.32622
5041.129  22.31774
5042.381  22.30727
5043.633  22.29286
5044.885  22.27528
5046.138  22.26416
5047.390  22.26815
5048.642  22.26775
5049.895  22.28459
5051.147  22.29761
5052.399  22.288
5053.652  22.28251
5054.904  22.2653
5056.156  22.23809
5057.408  22.22812
5058.661  22.22772
5059.913  22.23134
5061.165  22.23149
5062.418  22.22676
5063.670  22.23129
5064.922  22.22647
5066.175  22.21537
5067.427  22.20732
5068.679  22.22146
5069.932  22.23402
5071.184  22.22643
5072.436  22.23474
5073.688  22.24854
5074.941  22.25266
5076.193  22.24763
5077.445  22.24306
5078.698  22.22385
5079.950  22.19648
5081.202  22.1647
5082.455  22.1173
5083.707  22.08279
5084.959  22.06858
5086.212  22.06807
5087.464  22.08528
5088.716  22.12217
5089.968  22.15435
5091.221  22.16967
5092.473  22.18484
5093.725  22.20571
5094.978  22.21467
5096.230  22.20943
5097.482  22.21357
5098.735  22.21173
5099.987  22.20993
5101.239  22.21584
5102.492  22.21101
5103.744  22.22123
5104.996  22.24481
5106.248  22.26794
5107.501  22.27332
5108.753  22.2701
5110.005  22.26488
5111.258  22.26526
5112.510  22.24817
5113.762  22.22705
5115.015  22.21308
5116.267  22.19642
5117.519  22.20372
5118.772  22.22458
5120.024  22.23916
5121.276  22.25526
5122.528  22.26266
5123.781  22.27138
5125.033  22.28374
5126.285  22.27992
5127.538  22.28781
5128.790  22.27502
5130.042  22.24773
5131.295  22.22771
5132.547  22.21261
5133.799  22.20272
5135.052  22.1902
5136.304  22.19674
5137.556  22.20355
5138.808  22.21222
5140.061  22.22169
5141.313  22.21894
5142.565  22.20254
5143.818  22.18988
5145.070  22.17975
5146.322  22.17405
5147.575  22.15608
5148.827  22.14126
5150.079  22.12874
5151.332  22.11769
5152.584  22.09706
5153.836  22.09683
5155.088  22.1034
5156.341  22.10178
5157.593  22.11685
5158.845  22.12609
5160.098  22.14963
5161.350  22.18066
5162.602  22.21153
5163.855  22.25768
5165.107  22.29892
5166.359  22.3308
5167.612  22.35414
5168.864  22.37624
5170.116  22.40638
5171.368  22.39052
5172.621  22.36083
5173.873  22.334
5175.125  22.30061
5176.378  22.26186
5177.630  22.24312
5178.882  22.23412
5180.135  22.24893
5181.387  22.27814
5182.639  22.30954
5183.892  22.32755
5185.144  22.32242
5186.396  22.28373
5187.648  22.24082
5188.901  22.21403
5190.153  22.21169
5191.405  22.22006
5192.658  22.23016
5193.910  22.21039
5195.162  22.16179
5196.415  22.10858
5197.667  22.06591
5198.919  22.04626
5200.171  22.03022
5201.424  22.04922
5202.676  22.09952
5203.928  22.14905
5205.181  22.18827
5206.433  22.21158
5207.685  22.22524
5208.938  22.2109
5210.190  22.19125
5211.442  22.17997
5212.695  22.18455
5213.947  22.19317
5215.199  22.19387
5216.451  22.18842
5217.704  22.16315
5218.956  22.14689
5220.208  22.12724
5221.461  22.12023
5222.713  22.13097
5223.965  22.14579
5225.218  22.17179
5226.470  22.20051
5227.722  22.21949
5228.975  22.20778
5230.227  22.20607
5231.479  22.20936
5232.731  22.20494
5233.984  22.195
5235.236  22.16691
5236.488  22.13639
5237.741  22.11905
5238.993  22.10691
5240.245  22.11767
5241.498  22.1409
5242.750  22.15381
5244.002  22.1748
5245.255  22.18445
5246.507  22.17287
5247.759  22.16582
5249.011  22.18254
5250.264  22.18969
5251.516  22.18339
5252.768  22.15824
5254.021  22.13563
5255.273  22.12386
5256.525  22.11018
5257.778  22.10578
5259.030  22.12273
5260.282  22.16294
5261.535  22.21268
5262.787  22.253
5264.039  22.28795
5265.291  22.30851
5266.544  22.32411
5267.796  22.32416
5269.048  22.31223
5270.301  22.2932
5271.553  22.26266
5272.805  22.24195
5274.058  22.20706
5275.310  22.16438
5276.562  22.15554
5277.815  22.16832
5279.067  22.16954
5280.319  22.18583
5281.571  22.19703
5282.824  22.19973
5284.076  22.19185
5285.328  22.17784
5286.581  22.16464
5287.833  22.13899
5289.085  22.13147
5290.338  22.13651
5291.590  22.12703
5292.842  22.13118
5294.095  22.13472
5295.347  22.13045
5296.599  22.14115
5297.851  22.15984
5299.104  22.14638
5300.356  22.13868
5301.608  22.1317
5302.861  22.1176
5304.113  22.11489
5305.365  22.10878
5306.618  22.09122
5307.870  22.08409
5309.122  22.08401
5310.375  22.08807
5311.627  22.09008
5312.879  22.08624
5314.131  22.08751
5315.384  22.08801
5316.636  22.09147
5317.888  22.10157
5319.141  22.10536
5320.393  22.1014
5321.645  22.10299
5322.898  22.11857
5324.150  22.13056
5325.402  22.13268
5326.655  22.14114
5327.907  22.14683
5329.159  22.13591
5330.411  22.11713
5331.664  22.0963
5332.916  22.07923
5334.168  22.07476
5335.421  22.07902
5336.673  22.08585
5337.925  22.09513
5339.178  22.10247
5340.430  22.09625
5341.682  22.09768
5342.934  22.10369
5344.187  22.09013
5345.439  22.07572
5346.691  22.07824
5347.944  22.06772
5349.196  22.05619
5350.448  22.05735
5351.701  22.05089
5352.953  22.03744
5354.205  22.03281
5355.458  22.02323
5356.710  22.01717
5357.962  22.02693
5359.214  22.04442
5360.467  22.06593
5361.719  22.08742
5362.971  22.107
5364.224  22.11658
5365.476  22.11749
5366.728  22.11255
5367.981  22.11547
5369.233  22.11919
5370.485  22.11623
5371.738  22.10874
5372.990  22.0927
5374.242  22.07123
5375.494  22.04768
5376.747  22.03553
5377.999  22.04865
5379.251  22.07281
5380.504  22.07744
5381.756  22.07575
5383.008  22.07929
5384.261  22.08323
5385.513  22.09093
5386.765  22.08538
5388.018  22.07064
5389.270  22.06899
5390.522  22.06843
5391.774  22.06289
5393.027  22.07589
5394.279  22.08538
5395.531  22.08734
5396.784  22.09862
5398.036  22.10586
5399.288  22.10279
5400.541  22.09266
5401.793  22.09656
5403.045  22.10228
5404.298  22.10612
5405.550  22.10248
5406.802  22.09039
5408.054  22.09011
5409.307  22.08171
5410.559  22.05934
5411.811  22.03325
5413.064  22.00902
5414.316  22.00352
5415.568  22.00051
5416.821  21.97869
5418.073  21.96324
5419.325  21.97007
5420.578  21.97596
5421.830  21.98502
5423.082  21.98952
5424.334  21.9836
5425.587  21.98424
5426.839  21.99576
5428.091  21.99771
5429.344  21.99169
5430.596  21.99575
5431.848  22.00072
5433.101  21.99791
5434.353  21.98653
5435.605  21.97839
5436.858  21.96993
5438.110  21.96243
5439.362  21.9515
5440.614  21.94156
5441.867  21.94931
5443.119  21.9521
5444.371  21.94943
5445.624  21.95952
5446.876  21.96159
5448.128  21.96021
5449.381  21.95026
5450.633  21.93075
5451.885  21.93304
5453.138  21.94021
5454.390  21.92471
5455.642  21.84557
5456.894  21.6751
5458.147  21.48854
5459.399  21.35073
5460.651  21.29013
5461.904  21.30482
5463.156  21.4067
5464.408  21.57329
5465.661  21.73807
5466.913  21.85017
5468.165  21.90024
5469.417  21.92207
5470.670  21.94278
5471.922  21.95203
5473.174  21.94764
5474.427  21.96273
5475.679  21.98224
5476.931  21.9804
5478.184  21.97738
5479.436  21.96402
5480.688  21.92734
5481.941  21.90474
5483.193  21.90249
5484.445  21.90156
5485.697  21.9082
5486.950  21.92698
5488.202  21.94797
5489.454  21.96021
5490.707  21.96378
5491.959  21.96656
5493.211  21.96245
5494.464  21.96098
5495.716  21.96076
5496.968  21.96095
5498.221  21.95254
5499.473  21.9427
5500.725  21.94218
5501.977  21.95401
5503.230  21.96338
5504.482  21.95772
5505.734  21.96019
5506.987  21.96038
5508.239  21.95847
5509.491  21.95519
5510.744  21.94348
5511.996  21.92775
5513.248  21.92558
5514.501  21.91997
5515.753  21.9093
5517.005  21.90158
5518.257  21.89921
5519.510  21.89362
5520.762  21.89158
5522.014  21.89995
5523.267  21.90483
5524.519  21.92573
5525.771  21.95113
5527.024  21.95831
5528.276  21.9621
5529.528  21.9662
5530.781  21.96218
5532.033  21.95981
5533.285  21.96642
5534.537  21.96606
5535.790  21.95368
5537.042  21.94765
5538.294  21.93569
5539.547  21.90902
5540.799  21.89119
5542.051  21.87461
5543.304  21.86784
5544.556  21.86231
5545.808  21.86776
5547.061  21.87372
5548.313  21.88394
5549.565  21.89838
5550.817  21.90036
5552.070  21.9025
5553.322  21.91159
5554.574  21.91558
5555.827  21.91642
5557.079  21.91252
5558.331  21.91071
5559.584  21.89307
5560.836  21.85793
5562.088  21.83995
5563.341  21.824
5564.593  21.81157
5565.845  21.81864
5567.097  21.82459
5568.350  21.79915
5569.602  21.68714
5570.854  21.32376
5572.107  20.56719
5573.359  19.68318
5574.611  19.04058
5575.864  18.70826
5577.116  18.59671
5578.368  18.64798
5579.621  18.90537
5580.873  19.44467
5582.125  20.24443
5583.377  21.06468
5584.630  21.58482
5585.882  21.776
5587.134  21.82982
5588.387  21.84554
5589.639  21.84742
5590.891  21.85675
5592.144  21.87062
5593.396  21.88992
5594.648  21.90208
5595.901  21.90446
5597.153  21.90322
5598.405  21.9074
5599.657  21.9078
5600.910  21.89692
5602.162  21.87733
5603.414  21.85065
5604.667  21.82711
5605.919  21.81549
5607.171  21.82223
5608.424  21.85438
5609.676  21.88317
5610.928  21.89108
5612.180  21.89456
5613.433  21.90266
5614.685  21.92157
5615.937  21.93151
5617.190  21.92019
5618.442  21.90231
5619.694  21.89121
5620.947  21.88149
5622.199  21.86621
5623.451  21.86433
5624.704  21.87568
5625.956  21.88318
5627.208  21.89081
5628.460  21.90393
5629.713  21.90517
5630.965  21.90204
5632.217  21.91216
5633.470  21.91779
5634.722  21.91255
5635.974  21.91004
5637.227  21.90849
5638.479  21.90362
5639.731  21.8983
5640.984  21.89701
5642.236  21.88258
5643.488  21.86505
5644.740  21.85429
5645.993  21.84842
5647.245  21.85236
5648.497  21.86108
5649.750  21.86418
5651.002  21.87363
5652.254  21.88813
5653.507  21.88885
5654.759  21.88535
5656.011  21.88387
5657.264  21.87922
5658.516  21.86368
5659.768  21.85725
5661.020  21.84721
5662.273  21.82374
5663.525  21.78305
5664.777  21.73583
5666.030  21.68711
5667.282  21.65708
5668.534  21.64996
5669.787  21.64263
5671.039  21.63589
5672.291  21.63231
5673.544  21.63934
5674.796  21.65363
5676.048  21.65776
5677.300  21.64216
5678.553  21.59883
5679.805  21.53948
5681.057  21.46541
5682.310  21.38148
5683.562  21.30808
5684.814  21.25071
5686.067  21.20911
5687.319  21.17892
5688.571  21.17451
5689.824  21.20196
5691.076  21.24251
5692.328  21.3069
5693.580  21.38337
5694.833  21.45112
5696.085  21.51011
5697.337  21.55399
5698.590  21.58784
5699.842  21.62045
5701.094  21.6401
5702.347  21.67072
5703.599  21.71001
5704.851  21.73623
5706.104  21.74972
5707.356  21.76212
5708.608  21.75461
5709.860  21.74701
5711.113  21.76642
5712.365  21.75427
5713.617  21.74207
5714.870  21.75077
5716.122  21.75957
5717.374  21.76275
5718.627  21.77086
5719.879  21.77024
5721.131  21.76887
5722.384  21.7659
5723.636  21.76358
5724.888  21.77393
5726.140  21.78104
5727.393  21.79084
5728.645  21.80384
5729.897  21.81299
5731.150  21.82022
5732.402  21.81237
5733.654  21.81034
5734.907  21.81544
5736.159  21.82824
5737.411  21.83102
5738.664  21.82488
5739.916  21.82537
5741.168  21.83149
5742.420  21.82358
5743.673  21.81634
5744.925  21.81435
5746.177  21.82359
5747.430  21.82875
5748.682  21.82897
5749.934  21.83261
5751.187  21.83235
5752.439  21.83433
5753.691  21.83034
5754.943  21.82205
5756.196  21.8133
5757.448  21.81939
5758.700  21.80783
5759.953  21.79364
5761.205  21.79374
5762.457  21.78335
5763.710  21.75037
5764.962  21.69546
5766.214  21.63394
5767.467  21.5833
5768.719  21.56819
5769.971  21.57014
5771.223  21.59065
5772.476  21.64694
5773.728  21.70329
5774.980  21.73939
5776.233  21.76673
5777.485  21.77133
5778.737  21.77024
5779.990  21.77854
5781.242  21.77948
5782.494  21.77738
5783.747  21.77022
5784.999  21.74119
5786.251  21.68818
5787.503  21.62937
5788.756  21.58534
5790.008  21.55569
5791.260  21.55249
5792.513  21.57948
5793.765  21.62457
5795.017  21.66806
5796.270  21.68979
5797.522  21.69873
5798.774  21.70927
5800.027  21.70279
5801.279  21.68592
5802.531  21.66632
5803.783  21.65902
5805.036  21.67233
5806.288  21.67928
5807.540  21.68876
5808.793  21.69581
5810.045  21.693
5811.297  21.6902
5812.550  21.69019
5813.802  21.68999
5815.054  21.68322
5816.307  21.67442
5817.559  21.66753
5818.811  21.66094
5820.063  21.65394
5821.316  21.64181
5822.568  21.63372
5823.820  21.63408
5825.073  21.63302
5826.325  21.63052
5827.577  21.62149
5828.830  21.61015
5830.082  21.61115
5831.334  21.6138
5832.587  21.60598
5833.839  21.59975
5835.091  21.59512
5836.343  21.59274
5837.596  21.58302
5838.848  21.57176
5840.100  21.56776
5841.353  21.56195
5842.605  21.55422
5843.857  21.54962
5845.110  21.55525
5846.362  21.55058
5847.614  21.54071
5848.867  21.54087
5850.119  21.54128
5851.371  21.53427
5852.623  21.5358
5853.876  21.53377
5855.128  21.53867
5856.380  21.53737
5857.633  21.52752
5858.885  21.52239
5860.137  21.50496
5861.390  21.46093
5862.642  21.40189
5863.894  21.34192
5865.147  21.29399
5866.399  21.26382
5867.651  21.2621
5868.903  21.28987
5870.156  21.33529
5871.408  21.3731
5872.660  21.40704
5873.913  21.44131
5875.165  21.47541
5876.417  21.50617
5877.670  21.54002
5878.922  21.55986
5880.174  21.56445
5881.426  21.55293
5882.679  21.48681
5883.931  21.29842
5885.183  20.92389
5886.436  20.48377
5887.688  20.16361
5888.940  20.00376
5890.193  19.95439
5891.445  19.9663
5892.697  20.02906
5893.950  20.12868
5895.202  20.22463
5896.454  20.31841
5897.706  20.47821
5898.959  20.76094
5900.211  21.0981
5901.463  21.35348
5902.716  21.46082
5903.968  21.47759
5905.220  21.47387
5906.473  21.46683
5907.725  21.46509
5908.977  21.47703
5910.230  21.46094
5911.482  21.41416
5912.734  21.36241
5913.986  21.31995
5915.239  21.30514
5916.491  21.32117
5917.743  21.35308
5918.996  21.39671
5920.248  21.41797
5921.500  21.40388
5922.753  21.37897
5924.005  21.37036
5925.257  21.36583
5926.510  21.35415
5927.762  21.33742
5929.014  21.30874
5930.266  21.26805
5931.519  21.23165
5932.771  21.21644
5934.023  21.22971
5935.276  21.27036
5936.528  21.33136
5937.780  21.39169
5939.033  21.42598
5940.285  21.44358
5941.537  21.44098
5942.790  21.4204
5944.042  21.406
5945.294  21.39537
5946.546  21.38605
5947.799  21.38597
5949.051  21.37039
5950.303  21.33766
5951.556  21.3057
5952.808  21.28688
5954.060  21.29211
5955.313  21.32489
5956.565  21.38121
5957.817  21.42764
5959.070  21.44828
5960.322  21.45337
5961.574  21.45119
5962.826  21.45483
5964.079  21.46175
5965.331  21.46125
5966.583  21.45383
5967.836  21.44292
5969.088  21.43109
5970.340  21.42306
5971.593  21.41927
5972.845  21.41458
5974.097  21.40422
5975.350  21.39059
5976.602  21.38477
5977.854  21.39555
5979.106  21.4218
5980.359  21.45946
5981.611  21.48542
5982.863  21.50065
5984.116  21.5166
5985.368  21.52045
5986.620  21.52633
5987.873  21.52398
5989.125  21.52121
5990.377  21.52554
5991.630  21.52313
5992.882  21.52255
5994.134  21.51257
5995.386  21.50878
5996.639  21.51071
5997.891  21.51431
5999.143  21.52312
6000.396  21.51525
6001.648  21.50347
6002.900  21.50489
6004.153  21.51648
6005.405  21.53701
6006.657  21.55636
6007.910  21.57105
6009.162  21.57797
6010.414  21.58722
6011.666  21.59864
6012.919  21.61068
6014.171  21.61383
6015.423  21.61035
6016.676  21.61811
6017.928  21.62624
6019.180  21.6226
6020.433  21.63094
6021.685  21.6428
6022.937  21.64388
6024.189  21.62619
6025.442  21.6165
6026.694  21.6104
6027.946  21.60283
6029.199  21.60435
6030.451  21.60255
6031.703  21.59165
6032.956  21.59422
6034.208  21.60688
6035.460  21.61199
6036.713  21.62068
6037.965  21.62929
6039.217  21.64097
6040.469  21.64895
6041.722  21.65662
6042.974  21.65872
6044.226  21.66446
6045.479  21.66506
6046.731  21.66435
6047.983  21.65525
6049.236  21.65989
6050.488  21.67102
6051.740  21.68328
6052.993  21.67902
6054.245  21.67787
6055.497  21.68373
6056.749  21.67953
6058.002  21.68354
6059.254  21.67911
6060.506  21.66818
6061.759  21.66814
6063.011  21.66909
6064.263  21.67066
6065.516  21.67452
6066.768  21.67652
6068.020  21.67568
6069.273  21.67334
6070.525  21.67999
6071.777  21.68484
6073.029  21.68744
6074.282  21.68553
6075.534  21.69497
6076.786  21.70221
6078.039  21.71082
6079.291  21.71792
6080.543  21.71515
6081.796  21.71356
6083.048  21.71645
6084.300  21.71903
6085.553  21.72166
6086.805  21.72086
6088.057  21.71221
6089.309  21.71774
6090.562  21.71245
6091.814  21.70354
6093.066  21.69721
6094.319  21.68555
6095.571  21.67008
6096.823  21.6605
6098.076  21.66056
6099.328  21.66209
6100.580  21.65947
6101.833  21.65427
6103.085  21.6396
6104.337  21.62799
6105.589  21.61411
6106.842  21.58352
6108.094  21.54901
6109.346  21.5212
6110.599  21.49305
6111.851  21.4667
6113.103  21.45658
6114.356  21.46921
6115.608  21.49639
6116.860  21.52867
6118.113  21.5634
6119.365  21.60111
6120.617  21.63115
6121.869  21.64766
6123.122  21.66539
6124.374  21.6809
6125.626  21.68198
6126.879  21.68429
6128.131  21.69198
6129.383  21.68703
6130.636  21.68794
6131.888  21.68164
6133.140  21.67943
6134.393  21.68403
6135.645  21.66789
6136.897  21.64548
6138.149  21.63772
6139.402  21.62281
6140.654  21.59834
6141.906  21.58482
6143.159  21.58176
6144.411  21.59488
6145.663  21.60757
6146.916  21.63852
6148.168  21.66576
6149.420  21.6592
6150.673  21.63166
6151.925  21.60632
6153.177  21.5911
6154.429  21.58093
6155.682  21.57299
6156.934  21.56477
6158.186  21.55033
6159.439  21.53433
6160.691  21.53727
6161.943  21.55767
6163.196  21.5939
6164.448  21.63587
6165.700  21.66528
6166.952  21.66714
6168.205  21.65178
6169.457  21.64041
6170.709  21.62827
6171.962  21.62799
6173.214  21.6469
6174.466  21.686
6175.719  21.71175
6176.971  21.72658
6178.223  21.73608
6179.476  21.73669
6180.728  21.7484
6181.980  21.75276
6183.232  21.75191
6184.485  21.74645
6185.737  21.75464
6186.989  21.75668
6188.242  21.75264
6189.494  21.75034
6190.746  21.75473
6191.999  21.7494
6193.251  21.74665
6194.503  21.74318
6195.756  21.74956
6197.008  21.74761
6198.260  21.7305
6199.512  21.70505
6200.765  21.67986
6202.017  21.66446
6203.269  21.65813
6204.522  21.67769
6205.774  21.70063
6207.026  21.71504
6208.279  21.72023
6209.531  21.71004
6210.783  21.70288
6212.036  21.70348
6213.288  21.71082
6214.540  21.73896
6215.792  21.75358
6217.045  21.73259
6218.297  21.70397
6219.549  21.66844
6220.802  21.64328
6222.054  21.65344
6223.306  21.6762
6224.559  21.7091
6225.811  21.74849
6227.063  21.7658
6228.316  21.76043
6229.568  21.72425
6230.820  21.62109
6232.072  21.4644
6233.325  21.32393
6234.577  21.24726
6235.829  21.22036
6237.082  21.23858
6238.334  21.31521
6239.586  21.40667
6240.839  21.48198
6242.091  21.53584
6243.343  21.5792
6244.596  21.62999
6245.848  21.67944
6247.100  21.71482
6248.352  21.74214
6249.605  21.75622
6250.857  21.75079
6252.109  21.71806
6253.362  21.61942
6254.614  21.46942
6255.866  21.344
6257.119  21.28405
6258.371  21.28306
6259.623  21.3313
6260.876  21.41509
6262.128  21.49213
6263.380  21.52581
6264.632  21.53679
6265.885  21.55177
6267.137  21.5786
6268.389  21.61945
6269.642  21.66325
6270.894  21.69786
6272.146  21.70144
6273.399  21.68594
6274.651  21.67814
6275.903  21.67834
6277.156  21.68073
6278.408  21.70424
6279.660  21.73802
6280.912  21.73189
6282.165  21.6922
6283.417  21.59433
6284.669  21.46536
6285.922  21.3818
6287.174  21.35975
6288.426  21.3908
6289.679  21.47088
6290.931  21.5629
6292.183  21.60997
6293.436  21.51789
6294.688  21.19054
6295.940  20.68834
6297.192  20.23775
6298.445  19.97685
6299.697  19.88168
6300.949  19.919
6302.202  20.10948
6303.454  20.44599
6304.706  20.81102
6305.959  21.072
6307.211  21.20163
6308.463  21.30519
6309.715  21.44165
6310.968  21.58136
6312.220  21.68874
6313.472  21.74794
6314.725  21.76361
6315.977  21.75786
6317.229  21.72268
6318.482  21.66873
6319.734  21.62911
6320.986  21.60749
6322.239  21.61625
6323.491  21.62852
6324.743  21.6069
6325.995  21.53766
6327.248  21.43517
6328.500  21.37585
6329.752  21.3625
6331.005  21.40472
6332.257  21.49973
6333.509  21.60685
6334.762  21.69584
6336.014  21.7433
6337.266  21.76941
6338.519  21.7636
6339.771  21.75123
6341.023  21.75525
6342.275  21.74637
6343.528  21.73385
6344.780  21.70492
6346.032  21.66674
6347.285  21.65445
6348.537  21.64319
6349.789  21.64871
6351.042  21.65118
6352.294  21.61422
6353.546  21.56489
6354.799  21.51958
6356.051  21.49356
6357.303  21.45657
6358.555  21.34094
6359.808  21.12992
6361.060  20.91779
6362.312  20.78715
6363.565  20.74739
6364.817  20.80745
6366.069  21.00949
6367.322  21.2996
6368.574  21.55787
6369.826  21.7053
6371.079  21.75997
6372.331  21.7635
6373.583  21.7507
6374.835  21.73978
6376.088  21.71515
6377.340  21.6851
6378.592  21.67447
6379.845  21.66666
6381.097  21.65175
6382.349  21.63803
6383.602  21.61597
6384.854  21.59707
6386.106  21.60636
6387.359  21.63105
6388.611  21.66708
6389.863  21.70626
6391.115  21.74205
6392.368  21.77581
6393.620  21.78613
6394.872  21.79021
6396.125  21.78974
6397.377  21.78041
6398.629  21.76832
6399.882  21.74248
6401.134  21.7276
6402.386  21.7272
6403.639  21.73299
6404.891  21.75272
6406.143  21.78119
6407.395  21.8018
6408.648  21.80376
6409.900  21.78987
6411.152  21.76827
6412.405  21.76043
6413.657  21.75286
6414.909  21.75317
6416.162  21.75559
6417.414  21.7508
6418.666  21.74489
6419.919  21.73991
6421.171  21.74718
6422.423  21.75839
6423.675  21.7661
6424.928  21.78413
6426.180  21.78637
6427.432  21.79655
6428.685  21.81469
6429.937  21.81216
6431.189  21.81232
6432.442  21.81501
6433.694  21.81102
6434.946  21.81026
6436.198  21.80951
6437.451  21.80684
6438.703  21.82459
6439.955  21.83088
6441.208  21.81791
6442.460  21.8086
6443.712  21.8053
6444.965  21.80417
6446.217  21.7977
6447.469  21.7948
6448.722  21.77306
6449.974  21.74669
6451.226  21.75052
6452.478  21.75243
6453.731  21.7523
6454.983  21.74912
6456.235  21.74223
6457.488  21.7354
6458.740  21.71395
6459.992  21.66543
6461.245  21.60771
6462.497  21.53704
6463.749  21.48352
6465.002  21.44613
6466.254  21.42851
6467.506  21.4285
6468.758  21.43624
6470.011  21.4613
6471.263  21.50193
6472.515  21.57004
6473.768  21.63515
6475.020  21.67557
6476.272  21.7104
6477.525  21.72821
6478.777  21.72937
6480.029  21.75325
6481.282  21.78101
6482.534  21.79585
6483.786  21.86006
6485.038  21.91903
6486.291  21.96009
6487.543  21.91655
6488.795  21.85281
6490.048  21.82526
6491.300  21.83141
6492.552  21.79528
6493.805  21.68756
6495.057  21.52132
6496.309  21.37587
6497.562  21.2893
6498.814  21.26147
6500.066  21.29577
6501.318  21.37504
6502.571  21.45803
6503.823  21.51581
6505.075  21.55211
6506.328  21.57971
6507.580  21.62911
6508.832  21.69081
6510.085  21.72886
6511.337  21.7565
6512.589  21.76513
6513.842  21.76811
6515.094  21.77546
6516.346  21.77632
6517.598  21.76606
6518.851  21.74889
6520.103  21.70417
6521.355  21.65903
6522.608  21.64762
6523.860  21.66548
6525.112  21.69722
6526.365  21.72172
6527.617  21.69149
6528.869  21.58906
6530.122  21.45775
6531.374  21.35796
6532.626  21.33064
6533.878  21.36041
6535.131  21.44753
6536.383  21.57083
6537.635  21.66262
6538.888  21.69789
6540.140  21.66436
6541.392  21.60627
6542.645  21.58025
6543.897  21.57987
6545.149  21.59485
6546.402  21.62799
6547.654  21.64714
6548.906  21.58275
6550.158  21.46004
6551.411  21.35053
6552.663  21.2993
6553.915  21.30816
6555.168  21.37483
6556.420  21.5022
6557.672  21.62984
6558.925  21.659
6560.177  21.60374
6561.429  21.56205
6562.682  21.547
6563.934  21.54807
6565.186  21.56019
6566.438  21.5931
6567.691  21.62666
6568.943  21.63936
6570.195  21.64106
6571.448  21.64525
6572.700  21.61308
6573.952  21.52466
6575.205  21.43814
6576.457  21.39163
6577.709  21.39392
6578.961  21.44131
6580.214  21.52531
6581.466  21.60249
6582.718  21.6544
6583.971  21.68365
6585.223  21.69927
6586.475  21.72652
6587.728  21.7481
6588.980  21.75927
6590.232  21.75616
6591.485  21.74818
6592.737  21.7322
6593.989  21.70844
6595.241  21.68823
6596.494  21.67024
6597.746  21.66636
6598.998  21.65803
6600.251  21.64539
6601.503  21.60534
6602.755  21.57595
6604.008  21.56314
6605.260  21.59511
6606.512  21.64117
6607.765  21.71136
6609.017  21.76597
6610.269  21.78592
6611.521  21.78635
6612.774  21.7888
6614.026  21.77419
6615.278  21.77206
6616.531  21.77892
6617.783  21.77367
6619.035  21.77853
6620.288  21.77714
6621.540  21.77445
6622.792  21.75172
6624.045  21.73941
6625.297  21.73002
6626.549  21.71658
6627.801  21.72058
6629.054  21.71435
6630.306  21.69667
6631.558  21.68265
6632.811  21.68221
6634.063  21.68222
6635.315  21.68837
6636.568  21.70816
6637.820  21.72449
6639.072  21.73962
6640.325  21.75595
6641.577  21.76512
6642.829  21.76777
6644.081  21.77589
6645.334  21.77674
6646.586  21.77328
6647.838  21.7618
6649.091  21.75
6650.343  21.75354
6651.595  21.7589
6652.848  21.7557
6654.100  21.76173
6655.352  21.76331
6656.605  21.7583
6657.857  21.74447
6659.109  21.73197
6660.361  21.73538
6661.614  21.73066
6662.866  21.73218
6664.118  21.74264
6665.371  21.72954
6666.623  21.71827
6667.875  21.72192
6669.128  21.73219
6670.380  21.74337
6671.632  21.74593
6672.885  21.75102
6674.137  21.74782
6675.389  21.73559
6676.641  21.73022
6677.894  21.73103
6679.146  21.72378
6680.398  21.72732
6681.651  21.74059
6682.903  21.74934
6684.155  21.75819
6685.408  21.75519
6686.660  21.74811
6687.912  21.73517
6689.165  21.74044
6690.417  21.75272
6691.669  21.75294
6692.921  21.75593
6694.174  21.74587
6695.426  21.72039
6696.678  21.71688
6697.931  21.7082
6699.183  21.69086
6700.435  21.69058
6701.688  21.68986
6702.940  21.69163
6704.192  21.69279
6705.445  21.67701
6706.697  21.65472
6707.949  21.65639
6709.201  21.6683
6710.454  21.69074
6711.706  21.69602
6712.958  21.67332
6714.211  21.64744
6715.463  21.62577
6716.715  21.62478
6717.968  21.63383
6719.220  21.65723
6720.472  21.68512
6721.724  21.71624
6722.977  21.73484
6724.229  21.7387
6725.481  21.7219
6726.734  21.7033
6727.986  21.67895
6729.238  21.67976
6730.491  21.67486
6731.743  21.67193
6732.995  21.67184
6734.248  21.69987
6735.500  21.71872
6736.752  21.71429
6738.004  21.70277
6739.257  21.67981
6740.509  21.68243
6741.761  21.67346
6743.014  21.66193
6744.266  21.66934
6745.518  21.67841
6746.771  21.69525
6748.023  21.71928
6749.275  21.73286
6750.528  21.73664
6751.780  21.7295
6753.032  21.71845
6754.284  21.71847
6755.537  21.72329
6756.789  21.72825
6758.041  21.72362
6759.294  21.71968
6760.546  21.72104
6761.798  21.71796
6763.051  21.71977
6764.303  21.72551
6765.555  21.72133
6766.808  21.71884
6768.060  21.72805
6769.312  21.72543
6770.564  21.72889
6771.817  21.72392
6773.069  21.73391
6774.321  21.72826
6775.574  21.7063
6776.826  21.70834
6778.078  21.71537
6779.331  21.71606
6780.583  21.71789
6781.835  21.71631
6783.088  21.72454
6784.340  21.72038
6785.592  21.69349
6786.844  21.69363
6788.097  21.69301
6789.349  21.68664
6790.601  21.6993
6791.854  21.71329
6793.106  21.71708
6794.358  21.72339
6795.611  21.73246
6796.863  21.72095
6798.115  21.71538
6799.368  21.72021
6800.620  21.70525
6801.872  21.70296
6803.124  21.72535
6804.377  21.72139
6805.629  21.70514
6806.881  21.70718
6808.134  21.7066
6809.386  21.7091
6810.638  21.71534
6811.891  21.70991
6813.143  21.69876
6814.395  21.7018
6815.648  21.70263
6816.900  21.6863
6818.152  21.69167
6819.404  21.70856
6820.657  21.69647
6821.909  21.66125
6823.161  21.58146
6824.414  21.42345
6825.666  21.21153
6826.918  21.01801
6828.171  20.89365
6829.423  20.82213
6830.675  20.77701
6831.928  20.77757
6833.180  20.83338
6834.432  20.90988
6835.684  21.00229
6836.937  21.13086
6838.189  21.29645
6839.441  21.40653
6840.694  21.43472
6841.946  21.44934
6843.198  21.47846
6844.451  21.5224
6845.703  21.58995
6846.955  21.62156
6848.207  21.6296
6849.460  21.62894
6850.712  21.61962
6851.964  21.6241
6853.217  21.63976
6854.469  21.64723
6855.721  21.65062
6856.974  21.62017
6858.226  21.52829
6859.478  21.28649
6860.731  20.94254
6861.983  20.69452
6863.235  20.58888
6864.487  20.59747
6865.740  20.71971
6866.992  20.97347
6868.244  21.30351
6869.497  21.50568
6870.749  21.66132
