3749.761  23.60651
3751.014  23.52364
3752.267  23.52346
3753.519  23.62503
3754.772  23.639
3756.024  23.61306
3757.277  23.664
3758.529  23.7387
3759.782  23.86155
3761.034  24.01125
3762.287  23.97393
3763.539  23.77529
3764.792  24.02302
3766.044  23.92801
3767.297  23.90587
3768.549  23.97016
3769.802  23.94407
3771.054  23.87599
3772.307  23.69422
3773.559  23.57281
3774.812  23.57493
3776.064  23.45836
3777.317  23.61927
3778.570  23.69506
3779.822  23.73523
3781.075  23.74121
3782.327  23.64657
3783.580  23.76869
3784.832  23.67191
3786.085  23.67841
3787.337  23.66062
3788.590  23.67114
3789.842  23.62125
3791.095  23.65021
3792.347  23.64001
3793.600  23.59151
3794.852  23.59183
3796.105  23.69801
3797.357  23.81789
3798.610  23.8559
3799.862  23.81584
3801.115  23.77031
3802.368  23.75467
3803.620  23.62057
3804.873  23.80754
3806.125  23.79678
3807.378  23.77835
3808.630  23.75519
3809.883  23.70425
3811.135  23.57533
3812.388  23.46364
3813.640  23.45239
3814.893  23.40577
3816.145  23.33501
3817.398  23.22947
3818.650  23.29473
3819.903  23.33847
3821.155  23.32846
3822.408  23.44659
3823.660  23.4622
3824.913  23.39273
3826.165  23.01948
3827.418  22.86025
3828.671  22.73787
3829.923  22.66375
3831.176  22.63428
3832.428  22.65408
3833.681  22.70047
3834.933  22.77693
3836.186  22.85359
3837.438  22.91415
3838.691  22.94328
3839.943  22.94057
3841.196  22.9439
3842.448  22.95418
3843.701  22.97682
3844.953  23.00148
3846.206  23.01875
3847.458  23.0452
3848.711  23.07819
3849.963  23.1232
3851.216  23.16548
3852.469  23.20037
3853.721  23.2552
3854.974  23.46099
3856.226  23.49332
3857.479  23.4786
3858.731  23.68231
3859.984  23.70787
3861.236  23.64281
3862.489  23.62741
3863.741  23.62638
3864.994  23.38471
3866.246  23.41089
3867.499  23.67444
3868.751  23.74301
3870.004  23.57164
3871.256  23.54299
3872.509  23.72893
3873.761  23.75783
3875.014  23.70247
3876.266  23.6733
3877.519  23.72073
3878.772  23.78738
3880.024  23.9134
3881.277  24.01565
3882.529  23.72705
3883.782  23.97323
3885.034  24.00001
3886.287  23.99293
3887.539  24.01221
3888.792  23.93018
3890.044  23.86472
3891.297  23.85711
3892.549  23.83524
3893.802  23.75822
3895.054  23.71866
3896.307  23.45197
3897.559  23.41034
3898.812  23.33896
3900.064  23.23013
3901.317  23.10456
3902.570  22.97413
3903.822  22.84582
3905.075  22.7131
3906.327  22.62089
3907.580  22.56571
3908.832  22.52439
3910.085  22.5173
3911.337  22.55033
3912.590  22.60528
3913.842  22.66116
3915.095  22.7191
3916.347  22.79308
3917.600  22.90257
3918.852  23.02023
3920.105  23.11175
3921.357  23.17161
3922.610  23.23312
3923.862  23.3036
3925.115  23.37307
3926.367  23.39764
3927.620  23.39357
3928.873  23.41021
3930.125  23.46223
3931.378  23.46964
3932.630  23.41968
3933.883  23.40496
3935.135  23.36398
3936.388  23.27599
3937.640  23.15769
3938.893  23.04549
3940.145  22.94941
3941.398  22.8656
3942.650  22.82132
3943.903  22.8254
3945.155  22.8338
3946.408  22.86248
3947.660  22.91828
3948.913  22.96171
3950.165  22.9964
3951.418  23.03281
3952.671  23.05292
3953.923  23.09689
3955.176  23.1436
3956.428  23.15273
3957.681  23.13778
3958.933  23.17541
3960.186  23.2362
3961.438  23.26378
3962.691  23.32005
3963.943  23.45381
3965.196  23.83434
3966.448  23.8902
3967.701  23.66487
3968.953  23.59829
3970.206  23.50139
3971.458  23.40766
3972.711  23.2971
3973.963  23.15896
3975.216  23.07767
3976.468  23.04783
3977.721  23.01813
3978.974  23.00073
3980.226  22.99693
3981.479  22.98908
3982.731  23.01068
3983.984  23.02206
3985.236  23.02416
3986.489  23.03777
3987.741  23.03579
3988.994  23.02842
3990.246  23.00916
3991.499  23.01165
3992.751  23.01795
3994.004  23.00417
3995.256  22.98552
3996.509  22.96173
3997.761  22.95059
3999.014  22.92823
4000.266  22.91484
4001.519  22.91787
4002.772  22.89993
4004.024  22.87363
4005.277  22.82036
4006.529  22.75351
4007.782  22.69697
4009.034  22.65493
4010.287  22.63256
4011.539  22.62261
4012.792  22.63835
4014.044  22.65832
4015.297  22.65843
4016.549  22.63986
4017.802  22.58295
4019.054  22.51849
4020.307  22.47822
4021.559  22.46837
4022.812  22.48573
4024.064  22.51013
4025.317  22.56244
4026.569  22.62063
4027.822  22.65458
4029.075  22.6897
4030.327  22.72443
4031.580  22.73685
4032.832  22.73117
4034.085  22.73087
4035.337  22.72069
4036.590  22.68888
4037.842  22.63677
4039.095  22.53978
4040.347  22.40193
4041.600  22.20828
4042.852  21.94614
4044.105  21.71063
4045.357  21.60001
4046.610  21.58877
4047.862  21.64867
4049.115  21.81099
4050.367  22.06403
4051.620  22.30435
4052.873  22.4588
4054.125  22.53864
4055.378  22.57289
4056.630  22.5845
4057.883  22.59398
4059.135  22.57782
4060.388  22.5312
4061.640  22.48259
4062.893  22.42653
4064.145  22.39834
4065.398  22.39888
4066.650  22.40792
4067.903  22.42069
4069.155  22.45036
4070.408  22.47643
4071.660  22.47146
4072.913  22.4563
4074.165  22.42249
4075.418  22.36674
4076.670  22.32138
4077.923  22.29214
4079.176  22.29731
4080.428  22.34743
4081.681  22.39738
4082.933  22.41474
4084.186  22.43122
4085.438  22.47359
4086.691  22.51769
4087.943  22.55019
4089.196  22.60044
4090.448  22.6567
4091.701  22.6812
4092.953  22.70941
4094.206  22.7246
4095.458  22.73713
4096.711  22.74767
4097.963  22.74871
4099.216  22.79011
4100.468  22.84148
4101.721  22.86894
4102.974  22.87578
4104.226  22.87009
4105.479  22.84315
4106.731  22.80759
4107.984  22.80377
4109.236  22.79307
4110.489  22.78229
4111.741  22.76685
4112.994  22.76954
4114.246  22.7701
4115.499  22.76775
4116.751  22.79222
4118.004  22.79952
4119.256  22.77001
4120.509  22.73492
4121.761  22.69782
4123.014  22.65554
4124.266  22.63725
4125.519  22.6207
4126.771  22.60955
4128.024  22.60575
4129.277  22.60432
4130.529  22.58801
4131.782  22.5623
4133.034  22.53942
4134.287  22.53242
4135.539  22.52742
4136.792  22.5329
4138.044  22.54917
4139.297  22.57772
4140.549  22.60514
4141.802  22.63913
4143.054  22.67293
4144.307  22.6876
4145.559  22.69447
4146.812  22.70075
4148.064  22.70235
4149.317  22.67475
4150.569  22.62482
4151.822  22.5757
4153.075  22.52424
4154.327  22.49192
4155.580  22.47544
4156.832  22.46377
4158.085  22.4526
4159.337  22.42263
4160.590  22.37118
4161.842  22.31557
4163.095  22.26756
4164.347  22.22686
4165.600  22.19991
4166.852  22.1957
4168.105  22.21938
4169.357  22.25268
4170.610  22.28539
4171.862  22.32811
4173.115  22.36278
4174.367  22.39428
4175.620  22.41718
4176.872  22.42805
4178.125  22.44537
4179.378  22.47521
4180.630  22.50347
4181.883  22.53071
4183.135  22.57301
4184.388  22.60427
4185.640  22.60913
4186.893  22.6202
4188.145  22.61949
4189.398  22.60005
4190.650  22.59827
4191.903  22.61101
4193.155  22.62312
4194.408  22.64842
4195.660  22.68075
4196.913  22.71872
4198.165  22.73271
4199.418  22.73984
4200.670  22.7405
4201.923  22.7302
4203.176  22.70632
4204.428  22.67431
4205.681  22.65346
4206.933  22.62369
4208.186  22.59908
4209.438  22.60998
4210.691  22.61916
4211.943  22.63144
4213.196  22.6477
4214.448  22.65307
4215.701  22.65462
4216.953  22.67229
4218.206  22.69198
4219.458  22.69753
4220.711  22.71082
4221.963  22.72084
4223.216  22.72592
4224.468  22.73568
4225.721  22.75531
4226.973  22.7572
4228.226  22.74024
4229.479  22.72897
4230.731  22.69383
4231.984  22.65794
4233.236  22.64196
4234.489  22.64529
4235.741  22.65072
4236.994  22.64706
4238.246  22.66581
4239.499  22.6763
4240.751  22.65399
4242.004  22.61317
4243.256  22.53923
4244.509  22.44104
4245.761  22.36829
4247.014  22.34663
4248.266  22.36703
4249.519  22.40793
4250.771  22.4649
4252.024  22.50054
4253.277  22.50511
4254.529  22.51625
4255.782  22.53687
4257.034  22.5411
4258.287  22.55026
4259.539  22.56609
4260.792  22.58405
4262.044  22.59823
4263.297  22.59297
4264.549  22.57137
4265.802  22.5638
4267.054  22.56323
4268.307  22.56713
4269.559  22.57524
4270.812  22.57609
4272.064  22.58415
4273.317  22.59006
4274.569  22.57524
4275.822  22.55715
4277.074  22.55181
4278.327  22.55106
4279.580  22.53872
4280.832  22.54543
4282.085  22.55599
4283.337  22.56864
4284.590  22.59205
4285.842  22.61037
4287.095  22.62405
4288.347  22.63712
4289.600  22.63007
4290.852  22.59939
4292.105  22.57633
4293.357  22.56073
4294.610  22.55299
4295.862  22.5758
4297.115  22.60148
4298.367  22.63514
4299.620  22.67184
4300.872  22.68792
4302.125  22.68346
4303.378  22.67674
4304.630  22.65676
4305.883  22.61001
4307.135  22.5544
4308.388  22.50846
4309.640  22.44582
4310.893  22.37821
4312.145  22.31985
4313.398  22.27156
4314.650  22.24007
4315.903  22.23108
4317.155  22.24214
4318.408  22.26497
4319.660  22.29684
4320.913  22.32966
4322.165  22.35726
4323.418  22.39051
4324.670  22.43785
4325.923  22.46349
4327.175  22.4775
4328.428  22.50189
4329.681  22.51025
4330.933  22.52114
4332.186  22.53207
4333.438  22.54058
4334.691  22.52129
4335.943  22.50172
4337.196  22.49678
4338.448  22.49804
4339.701  22.48884
4340.953  22.46899
4342.206  22.43871
4343.458  22.39518
4344.711  22.34394
4345.963  22.30814
4347.216  22.29202
4348.468  22.29096
4349.721  22.28729
4350.973  22.22543
4352.226  22.01312
4353.479  21.61688
4354.731  21.15912
4355.984  20.81166
4357.236  20.64553
4358.489  20.62307
4359.741  20.72912
4360.994  20.99762
4362.246  21.41613
4363.499  21.8367
4364.751  22.11568
4366.004  22.24364
4367.256  22.29016
4368.509  22.31803
4369.761  22.32445
4371.014  22.30808
4372.266  22.28731
4373.519  22.25354
4374.771  22.22228
4376.024  22.22929
4377.276  22.26207
4378.529  22.29678
4379.782  22.33483
4381.034  22.37051
4382.287  22.4031
4383.539  22.42876
4384.792  22.4442
4386.044  22.44834
4387.297  22.44136
4388.549  22.43026
4389.802  22.42004
4391.054  22.40752
4392.307  22.39829
4393.559  22.39571
4394.812  22.39225
4396.064  22.37783
4397.317  22.3457
4398.569  22.30129
4399.822  22.26439
4401.074  22.22677
4402.327  22.19296
4403.580  22.17138
4404.832  22.15578
4406.085  22.13858
4407.337  22.12068
4408.590  22.10858
4409.842  22.10606
4411.095  22.10458
4412.347  22.08901
4413.600  22.07104
4414.852  22.07684
4416.105  22.09453
4417.357  22.10461
4418.610  22.11281
4419.862  22.13002
4421.115  22.13821
4422.367  22.1465
4423.620  22.15352
4424.872  22.17619
4426.125  22.19944
4427.377  22.2074
4428.630  22.2243
4429.883  22.24175
4431.135  22.25946
4432.388  22.27357
4433.640  22.27919
4434.893  22.28293
4436.145  22.27745
4437.398  22.26745
4438.650  22.26354
4439.903  22.26933
4441.155  22.28245
4442.408  22.29498
4443.660  22.29424
4444.913  22.29719
4446.165  22.30407
4447.418  22.30752
4448.670  22.31902
4449.923  22.33788
4451.175  22.35987
4452.428  22.38805
4453.681  22.41073
4454.933  22.41913
4456.186  22.41474
4457.438  22.41457
4458.691  22.41632
4459.943  22.41428
4461.196  22.40449
4462.448  22.39941
4463.701  22.39134
4464.953  22.38
4466.206  22.38019
4467.458  22.39592
4468.711  22.40447
4469.963  22.39987
4471.216  22.39517
4472.468  22.38436
4473.721  22.3728
4474.973  22.36406
4476.226  22.35922
4477.478  22.36711
4478.731  22.37426
4479.984  22.36143
4481.236  22.34916
4482.489  22.33304
4483.741  22.31614
4484.994  22.30777
4486.246  22.31306
4487.499  22.31257
4488.751  22.30766
4490.004  22.29332
4491.256  22.2697
4492.509  22.25152
4493.761  22.23347
4495.014  22.22135
4496.266  22.21467
4497.519  22.20948
4498.771  22.22025
4500.024  22.22899
4501.276  22.2261
4502.529  22.2236
4503.782  22.2341
4505.034  22.24121
4506.287  22.2419
4507.539  22.24075
4508.792  22.25543
4510.044  22.26116
4511.297  22.25785
4512.549  22.26447
4513.802  22.27595
4515.054  22.27866
4516.307  22.28412
4517.559  22.28275
4518.812  22.27135
4520.064  22.26273
4521.317  22.25462
4522.569  22.24908
4523.822  22.24233
4525.074  22.23313
4526.327  22.23149
4527.579  22.21763
4528.832  22.18462
4530.085  22.16771
4531.337  22.15934
4532.590  22.14121
4533.842  22.13957
4535.095  22.14793
4536.347  22.14608
4537.600  22.14473
4538.852  22.1411
4540.105  22.13058
4541.357  22.11445
4542.610  22.10167
4543.862  22.09102
4545.115  22.0871
4546.367  22.10182
4547.620  22.12876
4548.872  22.1593
4550.125  22.18153
4551.377  22.19369
4552.630  22.2059
4553.883  22.21009
4555.135  22.20605
4556.388  22.21056
4557.640  22.22588
4558.893  22.23642
4560.145  22.23728
4561.398  22.25143
4562.650  22.27837
4563.903  22.29143
4565.155  22.29544
4566.408  22.30122
4567.660  22.29649
4568.913  22.28514
4570.165  22.28096
4571.418  22.27618
4572.670  22.26702
4573.923  22.2591
4575.175  22.24596
4576.428  22.22863
4577.680  22.2157
4578.933  22.2096
4580.186  22.20921
4581.438  22.20669
4582.691  22.21238
4583.943  22.23023
4585.196  22.23887
4586.448  22.23709
4587.701  22.2451
4588.953  22.25354
4590.206  22.25407
4591.458  22.26352
4592.711  22.28204
4593.963  22.28515
4595.216  22.28883
4596.468  22.29908
4597.721  22.30708
4598.973  22.31756
4600.226  22.32516
4601.478  22.3252
4602.731  22.32714
4603.984  22.32535
4605.236  22.30672
4606.489  22.28569
4607.741  22.27565
4608.994  22.27133
4610.246  22.27434
4611.499  22.28238
4612.751  22.29389
4614.004  22.31039
4615.256  22.32498
4616.509  22.3239
4617.761  22.32054
4619.014  22.3168
4620.266  22.30854
4621.519  22.30001
4622.771  22.2932
4624.024  22.29276
4625.276  22.29478
4626.529  22.29079
4627.781  22.28667
4629.034  22.29016
4630.287  22.29354
4631.539  22.29169
4632.792  22.29415
4634.044  22.30635
4635.297  22.31576
4636.549  22.31415
4637.802  22.31801
4639.054  22.31825
4640.307  22.3109
4641.559  22.30744
4642.812  22.3057
4644.064  22.31212
4645.317  22.31881
4646.569  22.31294
4647.822  22.30657
4649.074  22.28614
4650.327  22.26021
4651.579  22.23799
4652.832  22.21675
4654.085  22.1777
4655.337  22.13307
4656.590  22.08861
4657.842  22.03924
4659.095  21.99769
4660.347  21.97134
4661.600  21.95629
4662.852  21.94674
4664.105  21.93359
4665.357  21.91043
4666.610  21.8819
4667.862  21.85618
4669.115  21.84186
4670.367  21.83135
4671.620  21.83387
4672.872  21.84505
4674.125  21.87339
4675.377  21.90805
4676.630  21.9166
4677.882  21.89837
4679.135  21.95836
4680.388  22.00719
4681.640  22.02376
4682.893  22.04037
4684.145  22.05877
4685.398  22.07354
4686.650  22.09119
4687.903  22.10135
4689.155  22.11574
4690.408  22.13047
4691.660  22.13803
4692.913  22.13828
4694.165  22.15227
4695.418  22.16827
4696.670  22.1813
4697.923  22.19732
4699.175  22.21164
4700.428  22.21925
4701.680  22.20443
4702.933  22.18178
4704.186  22.16337
4705.438  22.14389
4706.691  22.12397
4707.943  22.11758
4709.196  22.11547
4710.448  22.11334
4711.701  22.12072
4712.953  22.13054
4714.206  22.14747
4715.458  22.1579
4716.711  22.15893
4717.963  22.15878
4719.216  22.16879
4720.468  22.178
4721.721  22.18002
4722.973  22.17122
4724.226  22.15216
4725.478  22.12875
4726.731  22.09619
4727.983  22.07016
4729.236  22.05881
4730.489  22.04389
4731.741  22.03471
4732.994  22.02724
4734.246  22.00779
4735.499  21.97687
4736.751  21.94672
4738.004  21.91949
4739.256  21.88871
4740.509  21.86801
4741.761  21.8617
4743.014  21.88041
4744.266  21.92625
4745.519  21.98666
4746.771  22.0435
4748.024  22.08526
4749.276  22.09712
4750.529  22.08729
4751.781  22.07933
4753.034  22.0947
4754.286  22.11491
4755.539  22.1523
4756.792  22.20472
4758.044  22.24192
4759.297  22.26966
4760.549  22.29178
4761.802  22.30624
4763.054  22.32004
4764.307  22.32304
4765.559  22.33088
4766.812  22.34271
4768.064  22.34444
4769.317  22.34067
4770.569  22.33375
4771.822  22.32486
4773.074  22.31174
4774.327  22.29216
4775.579  22.26522
4776.832  22.23149
4778.084  22.21112
4779.337  22.21281
4780.590  22.22748
4781.842  22.25287
4783.095  22.28235
4784.347  22.29986
4785.600  22.30052
4786.852  22.29303
4788.105  22.28339
4789.357  22.27231
4790.610  22.26092
4791.862  22.25215
4793.115  22.24816
4794.367  22.25471
4795.620  22.26205
4796.872  22.26649
4798.125  22.27085
4799.377  22.27793
4800.630  22.27449
4801.882  22.26891
4803.135  22.26451
4804.387  22.2541
4805.640  22.24298
4806.893  22.24017
4808.145  22.24283
4809.398  22.23862
4810.650  22.22464
4811.903  22.20885
4813.155  22.17959
4814.408  22.14586
4815.660  22.11667
4816.913  22.08956
4818.165  22.05965
4819.418  22.03348
4820.670  22.02475
4821.923  22.01976
4823.175  22.01398
4824.428  22.01472
4825.680  22.0142
4826.933  22.00714
4828.185  22.00364
4829.438  21.99729
4830.691  21.98405
4831.943  21.97374
4833.196  21.96799
4834.448  21.96454
4835.701  21.95994
4836.953  21.95173
4838.206  21.9459
4839.458  21.94291
4840.711  21.94776
4841.963  21.96378
4843.216  21.98773
4844.468  22.00892
4845.721  22.01659
4846.973  22.01989
4848.226  22.02865
4849.478  22.04563
4850.731  22.06105
4851.983  22.07273
4853.236  22.09015
4854.488  22.10587
4855.741  22.11318
4856.994  22.10789
4858.246  22.08719
4859.499  22.06247
4860.751  22.04093
4862.004  22.04361
4863.256  22.05944
4864.509  22.07167
4865.761  22.08624
4867.014  22.09392
4868.266  22.09869
4869.519  22.10189
4870.771  22.1093
4872.024  22.11711
4873.276  22.10942
4874.529  22.09145
4875.781  22.07541
4877.034  22.04927
4878.286  22.01926
4879.539  22.0038
4880.792  21.99331
4882.044  21.99426
4883.297  22.00473
4884.549  22.01719
4885.802  22.03019
4887.054  22.03758
4888.307  22.03964
4889.559  22.04128
4890.812  22.03977
4892.064  22.04063
4893.317  22.0418
4894.569  22.03962
4895.822  22.043
4897.074  22.0586
4898.327  22.07609
4899.579  22.0834
4900.832  22.08079
4902.084  22.0727
4903.337  22.06835
4904.589  22.06268
4905.842  22.05182
4907.095  22.04331
4908.347  22.04911
4909.600  22.05768
4910.852  22.0589
4912.105  22.05746
4913.357  22.05778
4914.610  22.05775
4915.862  22.06244
4917.115  22.07543
4918.367  22.09018
4919.620  22.09925
4920.872  22.10059
4922.125  22.09675
4923.377  22.09109
4924.630  22.08641
4925.882  22.08951
4927.135  22.09695
4928.387  22.10192
4929.640  22.10822
4930.893  22.11031
4932.145  22.10862
4933.398  22.10005
4934.650  22.08165
4935.903  22.0735
4937.155  22.06766
4938.408  22.05711
4939.660  22.05759
4940.913  22.07092
4942.165  22.07946
4943.418  22.08422
4944.670  22.09178
4945.923  22.09421
4947.175  22.08541
4948.428  22.06911
4949.680  22.03988
4950.933  22.01139
4952.185  21.99918
4953.438  21.99734
4954.690  22.00355
4955.943  22.01985
4957.196  22.03147
4958.448  22.03719
4959.701  22.02377
4960.953  21.99366
4962.206  21.96532
4963.458  21.93628
4964.711  21.90367
4965.963  21.86712
4967.216  21.83302
4968.468  21.79846
4969.721  21.75379
4970.973  21.69837
4972.226  21.63988
4973.478  21.57764
4974.731  21.50981
4975.983  21.43638
4977.236  21.3593
4978.488  21.28874
4979.741  21.22913
4980.994  21.18702
4982.246  21.16567
4983.499  21.16969
4984.751  21.19843
4986.004  21.24076
4987.256  21.29249
4988.509  21.35713
4989.761  21.42559
4991.014  21.49017
4992.266  21.55547
4993.519  21.61935
4994.771  21.68851
4996.024  21.75127
4997.276  21.80517
4998.529  21.84923
4999.781  21.87952
5001.034  21.90139
5002.286  21.92061
5003.539  21.93797
5004.791  21.95605
5006.044  21.97646
5007.297  21.99471
5008.549  22.01278
5009.802  22.03951
5011.054  22.06745
5012.307  22.08151
5013.559  22.08035
5014.812  22.07947
5016.064  22.06922
5017.317  22.05998
5018.569  22.05782
5019.822  22.06061
5021.074  22.07501
5022.327  22.09559
5023.579  22.11589
5024.832  22.13053
5026.084  22.13302
5027.337  22.12264
5028.589  22.1085
5029.842  22.09333
5031.095  22.08057
5032.347  22.09372
5033.600  22.12264
5034.852  22.14815
5036.105  22.17367
5037.357  22.19444
5038.610  22.20683
5039.862  22.20937
5041.115  22.20303
5042.367  22.19625
5043.620  22.18619
5044.872  22.17797
5046.125  22.17377
5047.377  22.17484
5048.630  22.1831
5049.882  22.18991
5051.135  22.1913
5052.387  22.18857
5053.640  22.18419
5054.892  22.17853
5056.145  22.17578
5057.398  22.1697
5058.650  22.16113
5059.903  22.14498
5061.155  22.1177
5062.408  22.09462
5063.660  22.07334
5064.913  22.04035
5066.165  22.00511
5067.418  21.97523
5068.670  21.96146
5069.923  21.96457
5071.175  21.98133
5072.428  22.01028
5073.680  22.04709
5074.933  22.06867
5076.185  22.05247
5077.438  21.99499
5078.690  21.90717
5079.943  21.79693
5081.196  21.68149
5082.448  21.58289
5083.701  21.52305
5084.953  21.51456
5086.206  21.54839
5087.458  21.62288
5088.711  21.72475
5089.963  21.83443
5091.216  21.93181
5092.468  21.99978
5093.721  22.02359
5094.973  22.00764
5096.226  21.97201
5097.478  21.93582
5098.731  21.91261
5099.983  21.92176
5101.236  21.95726
5102.488  22.0077
5103.741  22.06859
5104.993  22.12345
5106.246  22.14774
5107.499  22.15117
5108.751  22.14778
5110.004  22.13334
5111.256  22.11337
5112.509  22.10034
5113.761  22.08926
5115.014  22.08476
5116.266  22.09358
5117.519  22.10341
5118.771  22.12078
5120.024  22.15148
5121.276  22.18178
5122.529  22.20179
5123.781  22.21045
5125.034  22.21259
5126.286  22.20641
5127.539  22.18837
5128.791  22.16317
5130.044  22.13744
5131.297  22.10965
5132.549  22.0834
5133.802  22.07029
5135.054  22.06745
5136.307  22.06378
5137.559  22.06435
5138.812  22.05898
5140.064  22.0534
5141.317  22.04846
5142.569  22.02755
5143.822  21.99682
5145.074  21.96506
5146.327  21.917
5147.579  21.85344
5148.832  21.78856
5150.084  21.7225
5151.337  21.66653
5152.589  21.63688
5153.842  21.63903
5155.094  21.67114
5156.347  21.73344
5157.600  21.81062
5158.852  21.88572
5160.105  21.95051
5161.357  22.00505
5162.610  22.04858
5163.862  22.09237
5165.115  22.13009
5166.367  22.16372
5167.620  22.19122
5168.872  22.20983
5170.125  22.2196
5171.377  22.21076
5172.630  22.19279
5173.882  22.17592
5175.135  22.15949
5176.387  22.13764
5177.640  22.13297
5178.892  22.14468
5180.145  22.16263
5181.398  22.17863
5182.650  22.19157
5183.903  22.18097
5185.155  22.14636
5186.408  22.10079
5187.660  22.06482
5188.913  22.05747
5190.165  22.06388
5191.418  22.07596
5192.670  22.07662
5193.923  22.05263
5195.175  22.00432
5196.428  21.94351
5197.680  21.89146
5198.933  21.86123
5200.185  21.8587
5201.438  21.88729
5202.690  21.9359
5203.943  21.98585
5205.195  22.02872
5206.448  22.05203
5207.701  22.04143
5208.953  22.02185
5210.206  22.01275
5211.458  22.01228
5212.711  22.02691
5213.963  22.0423
5215.216  22.03561
5216.468  22.01064
5217.721  21.98352
5218.973  21.95965
5220.226  21.93862
5221.478  21.92973
5222.731  21.94601
5223.983  21.98351
5225.236  22.01775
5226.488  22.0427
5227.741  22.05981
5228.993  22.0616
5230.246  22.05489
5231.499  22.05096
5232.751  22.04429
5234.004  22.03486
5235.256  22.01106
5236.509  21.9774
5237.761  21.94938
5239.014  21.94151
5240.266  21.96346
5241.519  22.01034
5242.771  22.05556
5244.024  22.09181
5245.276  22.10636
5246.529  22.09966
5247.781  22.09007
5249.034  22.08073
5250.286  22.06399
5251.539  22.04093
5252.791  22.01522
5254.044  21.97073
5255.296  21.93027
5256.549  21.91207
5257.802  21.92911
5259.054  21.97508
5260.307  22.03197
5261.559  22.09395
5262.812  22.15749
5264.064  22.19283
5265.317  22.2097
5266.569  22.21357
5267.822  22.19997
5269.074  22.18095
5270.327  22.15516
5271.579  22.1174
5272.832  22.07794
5274.084  22.04409
5275.337  22.02118
5276.589  22.02093
5277.842  22.03381
5279.094  22.05461
5280.347  22.07838
5281.600  22.0912
5282.852  22.08421
5284.105  22.06686
5285.357  22.05039
5286.610  22.04477
5287.862  22.04704
5289.115  22.05182
5290.367  22.05507
5291.620  22.05215
5292.872  22.04271
5294.125  22.03686
5295.377  22.03119
5296.630  22.0199
5297.882  22.0075
5299.135  21.99584
5300.387  21.98567
5301.640  21.98538
5302.892  21.98916
5304.145  21.99179
5305.397  21.99412
5306.650  21.99208
5307.903  21.98575
5309.155  21.96939
5310.408  21.9561
5311.660  21.94881
5312.913  21.94401
5314.165  21.95086
5315.418  21.96142
5316.670  21.96916
5317.923  21.97613
5319.175  21.97865
5320.428  21.96986
5321.680  21.95801
5322.933  21.95232
5324.185  21.95049
5325.438  21.95193
5326.690  21.94908
5327.943  21.94061
5329.195  21.92668
5330.448  21.91474
5331.701  21.90729
5332.953  21.90344
5334.206  21.90609
5335.458  21.90899
5336.711  21.90468
5337.963  21.89826
5339.216  21.884
5340.468  21.87136
5341.721  21.86353
5342.973  21.85895
5344.226  21.85084
5345.478  21.83655
5346.731  21.80731
5347.983  21.77958
5349.236  21.76291
5350.488  21.75706
5351.741  21.75786
5352.993  21.75464
5354.246  21.75061
5355.498  21.75027
5356.751  21.76248
5358.004  21.80078
5359.256  21.85432
5360.509  21.91166
5361.761  21.95433
5363.014  21.97399
5364.266  21.97461
5365.519  21.97013
5366.771  21.96266
5368.024  21.95407
5369.276  21.93797
5370.529  21.91222
5371.781  21.8784
5373.034  21.84395
5374.286  21.81752
5375.539  21.80714
5376.791  21.80927
5378.044  21.82565
5379.296  21.85679
5380.549  21.88117
5381.802  21.89072
5383.054  21.89229
5384.307  21.8896
5385.559  21.88547
5386.812  21.86546
5388.064  21.83731
5389.317  21.80444
5390.569  21.77695
5391.822  21.76829
5393.074  21.77299
5394.327  21.79144
5395.579  21.81343
5396.832  21.82856
5398.084  21.83204
5399.337  21.82695
5400.589  21.81654
5401.842  21.80546
5403.094  21.80094
5404.347  21.78898
5405.599  21.77239
5406.852  21.74921
5408.105  21.72392
5409.357  21.69258
5410.610  21.65029
5411.862  21.60535
5413.115  21.5578
5414.367  21.51589
5415.620  21.48315
5416.872  21.46517
5418.125  21.46057
5419.377  21.45429
5420.630  21.46319
5421.882  21.47961
5423.135  21.48956
5424.387  21.49419
5425.640  21.50928
5426.892  21.52448
5428.145  21.52979
5429.397  21.53483
5430.650  21.53297
5431.903  21.53082
5433.155  21.52711
5434.408  21.51907
5435.660  21.50752
5436.913  21.49761
5438.165  21.48798
5439.418  21.48612
5440.670  21.4811
5441.923  21.47101
5443.175  21.4623
5444.428  21.46026
5445.680  21.46039
5446.933  21.45685
5448.185  21.45574
5449.438  21.46247
5450.690  21.46945
5451.943  21.4658
5453.195  21.41719
5454.448  21.27913
5455.700  21.02051
5456.953  20.68508
5458.206  20.48308
5459.458  20.30626
5460.711  20.25467
5461.963  20.31847
5463.216  20.49733
5464.468  20.78008
5465.721  21.00138
5466.973  21.24651
5468.226  21.38028
5469.478  21.44401
5470.731  21.48015
5471.983  21.50513
5473.236  21.52707
5474.488  21.54745
5475.741  21.55582
5476.993  21.55005
5478.246  21.52235
5479.498  21.47559
5480.751  21.42758
5482.004  21.39417
5483.256  21.38119
5484.509  21.39803
5485.761  21.44415
5487.014  21.50155
5488.266  21.5509
5489.519  21.58642
5490.771  21.61154
5492.024  21.62342
5493.276  21.62322
5494.529  21.62324
5495.781  21.61537
5497.034  21.60424
5498.286  21.6039
5499.539  21.60531
5500.791  21.60522
5502.044  21.61202
5503.296  21.61716
5504.549  21.62366
5505.801  21.62528
5507.054  21.62616
5508.307  21.61673
5509.559  21.59573
5510.812  21.56659
5512.064  21.53173
5513.317  21.50908
5514.569  21.49721
5515.822  21.48907
5517.074  21.48481
5518.327  21.47966
5519.579  21.47895
5520.832  21.48592
5522.084  21.50014
5523.337  21.52129
5524.589  21.54981
5525.842  21.57486
5527.094  21.59604
5528.347  21.61441
5529.599  21.63248
5530.852  21.64871
5532.105  21.66096
5533.357  21.66431
5534.610  21.66142
5535.862  21.64826
5537.115  21.63297
5538.367  21.60817
5539.620  21.57262
5540.872  21.53803
5542.125  21.51713
5543.377  21.50356
5544.630  21.50707
5545.882  21.52824
5547.135  21.55194
5548.387  21.57266
5549.640  21.59058
5550.892  21.60313
5552.145  21.61442
5553.397  21.62139
5554.650  21.6206
5555.902  21.61433
5557.155  21.60378
5558.408  21.58529
5559.660  21.54671
5560.913  21.49715
5562.165  21.45444
5563.418  21.42825
5564.670  21.41978
5565.923  21.41682
5567.175  21.38925
5568.428  21.2564
5569.680  21.08698
5570.933  20.56181
5572.185  19.69663
5573.438  18.57629
5574.690  18.00674
5575.943  18.10918
5577.195  18.05381
5578.448  18.15964
5579.700  18.54833
5580.953  19.11114
5582.206  19.90221
5583.458  20.60497
5584.711  21.0547
5585.963  21.31813
5587.216  21.3917
5588.468  21.41494
5589.721  21.4296
5590.973  21.4561
5592.226  21.49059
5593.478  21.52233
5594.731  21.54492
5595.983  21.55718
5597.236  21.56224
5598.488  21.56279
5599.741  21.5501
5600.993  21.52449
5602.246  21.49223
5603.498  21.46511
5604.751  21.44856
5606.003  21.45382
5607.256  21.4813
5608.509  21.518
5609.761  21.55776
5611.014  21.58288
5612.266  21.5939
5613.519  21.59623
5614.771  21.59205
5616.024  21.58388
5617.276  21.57776
5618.529  21.56311
5619.781  21.5412
5621.034  21.52133
5622.286  21.50854
5623.539  21.50591
5624.791  21.51641
5626.044  21.5404
5627.296  21.56545
5628.549  21.5874
5629.801  21.59963
5631.054  21.61051
5632.307  21.6146
5633.559  21.6116
5634.812  21.59954
5636.064  21.58764
5637.317  21.58117
5638.569  21.56701
5639.822  21.54926
5641.074  21.53365
5642.327  21.51588
5643.579  21.49447
5644.832  21.48157
5646.084  21.47546
5647.337  21.47703
5648.589  21.48334
5649.842  21.49254
5651.094  21.50002
5652.347  21.4968
5653.599  21.49098
5654.852  21.4768
5656.104  21.45587
5657.357  21.43299
5658.610  21.40143
5659.862  21.36731
5661.115  21.3118
5662.367  21.25743
5663.620  21.19445
5664.872  21.13338
5666.125  21.08059
5667.377  21.02062
5668.630  20.96205
5669.882  20.90614
5671.135  20.86218
5672.387  20.84166
5673.640  20.84109
5674.892  20.8374
5676.145  20.81141
5677.397  20.74921
5678.650  20.64099
5679.902  20.50313
5681.155  20.35842
5682.408  20.2195
5683.660  20.09751
5684.913  20.0031
5686.165  19.94171
5687.418  19.91307
5688.670  19.9192
5689.923  19.96584
5691.175  20.05334
5692.428  20.17286
5693.680  20.31018
5694.933  20.44444
5696.185  20.5631
5697.438  20.66152
5698.690  20.74347
5699.943  20.81698
5701.195  20.89181
5702.448  20.96885
5703.700  21.04364
5704.953  21.09773
5706.205  21.12825
5707.458  21.13667
5708.711  21.12975
5709.963  21.12365
5711.216  21.13136
5712.468  21.14932
5713.721  21.17613
5714.973  21.20798
5716.226  21.23893
5717.478  21.26096
5718.731  21.27074
5719.983  21.27607
5721.236  21.2871
5722.488  21.29925
5723.741  21.30799
5724.993  21.32418
5726.246  21.34797
5727.498  21.37336
5728.751  21.3982
5730.003  21.41326
5731.256  21.41988
5732.509  21.4206
5733.761  21.42161
5735.014  21.42374
5736.266  21.42418
5737.519  21.42971
5738.771  21.43044
5740.024  21.4248
5741.276  21.42371
5742.529  21.42519
5743.781  21.42328
5745.034  21.42199
5746.286  21.4193
5747.539  21.41796
5748.791  21.41431
5750.044  21.41027
5751.296  21.41045
5752.549  21.40598
5753.801  21.39459
5755.054  21.38185
5756.306  21.36725
5757.559  21.34767
5758.812  21.32752
5760.064  21.30374
5761.317  21.26831
5762.569  21.21887
5763.822  21.13544
5765.074  21.01898
5766.327  20.89815
5767.579  20.80544
5768.832  20.76598
5770.084  20.78315
5771.337  20.85352
5772.589  20.96351
5773.842  21.07946
5775.094  21.16949
5776.347  21.22096
5777.599  21.24516
5778.852  21.25626
5780.104  21.25565
5781.357  21.24357
5782.609  21.21609
5783.862  21.15883
5785.115  21.07057
5786.367  20.95691
5787.620  20.83661
5788.872  20.7503
5790.125  20.7167
5791.377  20.73639
5792.630  20.80072
5793.882  20.89608
5795.135  20.99164
5796.387  21.05083
5797.640  21.0603
5798.892  21.05555
5800.145  21.01326
5801.397  21.00808
5802.650  21.02386
5803.902  21.04388
5805.155  21.0532
5806.407  21.05468
5807.660  21.05921
5808.913  21.05992
5810.165  21.05418
5811.418  21.04409
5812.670  21.03396
5813.923  21.02291
5815.175  21.01284
5816.428  21.00188
5817.680  20.98711
5818.933  20.97109
5820.185  20.95813
5821.438  20.94456
5822.690  20.93027
5823.943  20.91629
5825.195  20.90316
5826.448  20.89347
5827.700  20.88089
5828.953  20.86212
5830.205  20.84597
5831.458  20.82922
5832.710  20.81232
5833.963  20.79843
5835.216  20.78786
5836.468  20.77779
5837.721  20.76687
5838.973  20.75164
5840.226  20.73569
5841.478  20.72322
5842.731  20.71246
5843.983  20.69995
5845.236  20.68522
5846.488  20.67381
5847.741  20.66475
5848.993  20.65052
5850.246  20.63458
5851.498  20.62284
5852.751  20.60924
5854.003  20.59889
5855.256  20.59303
5856.508  20.58564
5857.761  20.57497
5859.014  20.55631
5860.266  20.52668
5861.519  20.48347
5862.771  20.42929
5864.024  20.37192
5865.276  20.32915
5866.529  20.31179
5867.781  20.32014
5869.034  20.35148
5870.286  20.39813
5871.539  20.451
5872.791  20.50746
5874.044  20.56456
5875.296  20.61899
5876.549  20.67792
5877.801  20.73992
5879.054  20.79539
5880.306  20.82197
5881.559  20.79075
5882.811  20.66146
5884.064  20.39107
5885.317  20.00552
5886.569  19.62997
5887.822  19.16741
5889.074  19.13633
5890.327  19.08639
5891.579  19.09658
5892.832  19.1476
5894.084  19.22027
5895.337  19.29946
5896.589  19.41077
5897.842  19.61287
5899.094  20.02284
5900.347  20.35215
5901.599  20.5921
5902.852  20.69704
5904.104  20.7141
5905.357  20.70252
5906.609  20.68985
5907.862  20.67904
5909.115  20.65497
5910.367  20.60967
5911.620  20.54723
5912.872  20.48157
5914.125  20.43634
5915.377  20.41796
5916.630  20.42592
5917.882  20.45242
5919.135  20.47847
5920.387  20.48278
5921.640  20.46526
5922.892  20.44012
5924.145  20.4182
5925.397  20.39686
5926.650  20.37254
5927.902  20.34239
5929.155  20.30464
5930.407  20.26492
5931.660  20.24034
5932.912  20.23966
5934.165  20.26569
5935.418  20.31205
5936.670  20.3685
5937.923  20.42031
5939.175  20.45589
5940.428  20.47875
5941.680  20.48126
5942.933  20.47358
5944.185  20.46666
5945.438  20.45924
5946.690  20.45317
5947.943  20.44019
5949.195  20.41589
5950.448  20.38484
5951.700  20.35691
5952.953  20.35138
5954.205  20.37101
5955.458  20.41082
5956.710  20.46269
5957.963  20.50927
5959.216  20.53871
5960.468  20.55173
5961.721  20.55712
5962.973  20.56257
5964.226  20.56568
5965.478  20.56727
5966.731  20.5666
5967.983  20.56001
5969.236  20.5502
5970.488  20.54237
5971.741  20.5332
5972.993  20.5276
5974.246  20.52101
5975.498  20.51719
5976.751  20.5251
5978.003  20.54292
5979.256  20.57083
5980.508  20.60303
5981.761  20.63141
5983.013  20.65122
5984.266  20.66308
5985.519  20.67082
5986.771  20.67617
5988.024  20.67898
5989.276  20.68217
5990.529  20.68617
5991.781  20.68794
5993.034  20.6881
5994.286  20.68703
5995.539  20.68728
5996.791  20.68627
5998.044  20.68644
5999.296  20.68708
6000.549  20.68971
6001.801  20.68982
6003.054  20.69495
6004.306  20.70815
6005.559  20.72665
6006.811  20.75107
6008.064  20.77572
6009.317  20.79814
6010.569  20.81439
6011.822  20.82469
6013.074  20.83035
6014.327  20.83706
6015.579  20.84596
6016.832  20.85669
6018.084  20.86558
6019.337  20.8701
6020.589  20.87473
6021.842  20.8789
6023.094  20.87917
6024.347  20.87564
6025.599  20.87333
6026.852  20.87563
6028.104  20.87511
6029.357  20.87406
6030.609  20.87326
6031.862  20.87624
6033.114  20.87429
6034.367  20.87865
6035.620  20.9031
6036.872  20.92424
6038.125  20.93678
6039.377  20.94784
6040.630  20.9592
6041.882  20.97004
6043.135  20.97687
6044.387  20.98178
6045.640  20.9868
6046.892  20.99035
6048.145  20.99325
6049.397  21.00204
6050.650  21.00697
6051.902  21.01461
6053.155  21.0177
6054.407  21.01844
6055.660  21.02346
6056.912  21.02546
6058.165  21.02418
6059.418  21.01521
6060.670  21.01
6061.923  21.01633
6063.175  21.01731
6064.428  21.01911
6065.680  21.01987
6066.933  21.02332
6068.185  21.03253
6069.438  21.03601
6070.690  21.04167
6071.943  21.04948
6073.195  21.05099
6074.448  21.05579
6075.700  21.06212
6076.953  21.06877
6078.205  21.07445
6079.458  21.07933
6080.710  21.08173
6081.963  21.08567
6083.215  21.08695
6084.468  21.08706
6085.721  21.08672
6086.973  21.08419
6088.226  21.082
6089.478  21.07471
6090.731  21.06967
6091.983  21.05846
6093.236  21.03973
6094.488  21.01984
6095.741  21.0035
6096.993  20.99215
6098.246  20.97902
6099.498  20.95949
6100.751  20.9369
6102.003  20.9102
6103.256  20.87406
6104.508  20.83026
6105.761  20.77512
6107.013  20.7093
6108.266  20.63752
6109.519  20.66944
6110.771  20.61654
6112.024  20.58599
6113.276  20.58136
6114.529  20.60625
6115.781  20.65849
6117.034  20.72735
6118.286  20.69399
6119.539  20.76628
6120.791  20.8348
6122.044  20.88356
6123.296  20.91576
6124.549  20.94093
6125.801  20.96214
6127.054  20.97387
6128.306  20.97997
6129.559  20.98598
6130.811  20.99508
6132.064  20.995
6133.316  20.98563
6134.569  20.97089
6135.822  20.95263
6137.074  20.93144
6138.327  20.91014
6139.579  20.89043
6140.832  20.87647
6142.084  20.86849
6143.337  20.87124
6144.589  20.89271
6145.842  20.92209
6147.094  20.94394
6148.347  20.94564
6149.599  20.91511
6150.852  20.8541
6152.104  20.78474
6153.357  20.73314
6154.609  20.70383
6155.862  20.67919
6157.114  20.64521
6158.367  20.61087
6159.620  20.58798
6160.872  20.59259
6162.125  20.63765
6163.377  20.72693
6164.630  20.8384
6165.882  20.92945
6167.135  20.97284
6168.387  20.98068
6169.640  20.98081
6170.892  20.99416
6172.145  21.0286
6173.397  21.07415
6174.650  21.11611
6175.902  21.15286
6177.155  21.18179
6178.407  21.20073
6179.660  21.21189
6180.912  21.21468
6182.165  21.21581
6183.417  21.22058
6184.670  21.22722
6185.923  21.23155
6187.175  21.23798
6188.428  21.23494
6189.680  21.22141
6190.933  21.21048
6192.185  21.21499
6193.438  21.2192
6194.690  21.2246
6195.943  21.23075
6197.195  21.21821
6198.448  21.1862
6199.700  21.14867
6200.953  21.11654
6202.205  21.10021
6203.458  21.11029
6204.710  21.13289
6205.963  21.15779
6207.215  21.16611
6208.468  21.15606
6209.721  21.14658
6210.973  21.14369
6212.226  21.15577
6213.478  21.17602
6214.731  21.20018
6215.983  21.20714
6217.236  21.18812
6218.488  21.15348
6219.741  21.12182
6220.993  21.10794
6222.246  21.11779
6223.498  21.15751
6224.751  21.2118
6226.003  21.26188
6227.256  21.27834
6228.508  21.23036
6229.761  21.11607
6231.013  20.95222
6232.266  20.77107
6233.518  20.6282
6234.771  20.54348
6236.024  20.51737
6237.276  20.54938
6238.529  20.6259
6239.781  20.72207
6241.034  20.81621
6242.286  20.9067
6243.539  20.99194
6244.791  21.07066
6246.044  21.13936
6247.296  21.19941
6248.549  21.23584
6249.801  21.24831
6251.054  21.21294
6252.306  21.11061
6253.559  20.95316
6254.811  20.78164
6256.064  20.64995
6257.316  20.58533
6258.569  20.59474
6259.822  20.66876
6261.074  20.77238
6262.327  20.86387
6263.579  20.92395
6264.832  20.96044
6266.084  21.00036
6267.337  21.05622
6268.589  21.11954
6269.842  21.18075
6271.094  21.22064
6272.347  21.23008
6273.599  21.22363
6274.852  21.22253
6276.104  21.23543
6277.357  21.26064
6278.609  21.2827
6279.862  21.28369
6281.114  21.24739
6282.367  21.14767
6283.619  20.99932
6284.872  20.86246
6286.125  20.77832
6287.377  20.76325
6288.630  20.82112
6289.882  20.92906
6291.135  21.03992
6292.387  21.05392
6293.640  20.86701
6294.892  20.4934
6296.145  20.06568
6297.397  19.72736
6298.650  19.53222
6299.902  19.47716
6301.155  19.545
6302.407  19.72017
6303.660  19.97565
6304.912  20.23303
6306.165  20.41799
6307.417  20.54925
6308.670  20.69139
6309.923  20.86884
6311.175  21.05644
6312.428  21.20666
6313.680  21.28842
6314.933  21.30413
6316.185  21.27769
6317.438  21.22844
6318.690  21.16726
6319.943  21.12259
6321.195  21.10979
6322.448  21.11071
6323.700  21.09355
6324.953  21.03943
6326.205  20.9491
6327.458  20.84794
6328.710  20.78242
6329.963  20.78303
6331.215  20.85376
6332.468  20.97573
6333.720  21.12058
6334.973  21.24791
6336.226  21.33025
6337.478  21.36669
6338.731  21.37173
6339.983  21.36469
6341.236  21.35043
6342.488  21.32463
6343.741  21.28475
6344.993  21.24829
6346.246  21.21695
6347.498  21.19925
6348.751  21.19415
6350.003  21.1828
6351.256  21.15637
6352.508  21.10514
6353.761  21.03858
6355.013  20.98232
6356.266  20.94474
6357.518  20.89333
6358.771  20.78352
6360.024  20.61772
6361.276  20.46461
6362.529  20.37502
6363.781  20.38471
6365.034  20.49357
6366.286  20.70115
6367.539  20.97352
6368.791  21.2199
6370.044  21.36067
6371.296  21.40504
6372.549  21.40665
6373.801  21.3783
6375.054  21.34074
6376.306  21.29804
6377.559  21.25321
6378.811  21.21824
6380.064  21.19458
6381.316  21.1698
6382.569  21.1502
6383.821  21.13566
6385.074  21.13892
6386.327  21.16482
6387.579  21.21387
6388.832  21.27798
6390.084  21.34596
6391.337  21.39838
6392.589  21.42331
6393.842  21.43316
6395.094  21.43758
6396.347  21.42339
6397.599  21.37861
6398.852  21.31478
6400.104  21.26631
6401.357  21.25097
6402.609  21.26289
6403.862  21.30294
6405.114  21.36091
6406.367  21.4118
6407.619  21.43572
6408.872  21.42536
6410.125  21.39478
6411.377  21.36521
6412.630  21.34437
6413.882  21.34292
6415.135  21.35102
6416.387  21.35383
6417.640  21.35459
6418.892  21.35831
6420.145  21.36635
6421.397  21.38383
6422.650  21.41162
6423.902  21.43907
6425.155  21.46478
6426.407  21.48487
6427.660  21.49496
6428.912  21.49904
6430.165  21.5048
6431.417  21.51204
6432.670  21.50903
6433.922  21.50315
6435.175  21.50102
6436.428  21.50691
6437.680  21.50986
6438.933  21.50921
6440.185  21.51709
6441.438  21.5168
6442.690  21.50636
6443.943  21.49575
6445.195  21.48592
6446.448  21.4724
6447.700  21.45177
6448.953  21.43056
6450.205  21.41452
6451.458  21.40401
6452.710  21.39645
6453.963  21.38759
6455.215  21.37914
6456.468  21.36267
6457.720  21.33184
6458.973  21.27905
6460.226  21.19454
6461.478  21.08716
6462.731  20.99095
6463.983  20.9183
6465.236  20.86975
6466.488  20.85122
6467.741  20.85587
6468.993  20.88488
6470.246  20.93686
6471.498  21.01487
6472.751  21.10746
6474.003  21.20435
6475.256  21.29242
6476.508  21.34598
6477.761  21.36776
6479.013  21.39178
6480.266  21.43899
6481.518  21.48288
6482.771  21.51555
6484.023  21.57295
6485.276  21.61353
6486.529  21.62175
6487.781  21.59844
6489.034  21.56216
6490.286  21.52968
6491.539  21.46162
6492.791  21.31628
6494.044  21.09651
6495.296  20.87852
6496.549  20.71798
6497.801  20.62869
6499.054  20.62302
6500.306  20.68624
6501.559  20.79028
6502.811  20.89253
6504.064  20.97478
6505.316  21.03646
6506.569  21.11014
6507.821  21.20289
6509.074  21.30424
6510.327  21.38473
6511.579  21.42522
6512.832  21.44089
6514.084  21.46078
6515.337  21.47747
6516.589  21.47613
6517.842  21.43756
6519.094  21.36314
6520.347  21.28476
6521.599  21.24475
6522.852  21.24931
6524.104  21.27656
6525.357  21.30774
6526.609  21.29587
6527.862  21.19286
6529.114  21.02413
6530.367  20.86005
6531.619  20.75944
6532.872  20.74476
6534.124  20.82031
6535.377  20.96872
6536.630  21.14832
6537.882  21.27746
6539.135  21.29881
6540.387  21.24109
6541.640  21.16811
6542.892  21.12568
6544.145  21.12509
6545.397  21.15983
6546.650  21.1949
6547.902  21.16871
6549.155  21.04927
6550.407  20.88579
6551.660  20.75268
6552.912  20.68991
6554.165  20.71565
6555.417  20.815
6556.670  20.93497
6557.922  21.00588
6559.175  20.98953
6560.428  20.92057
6561.680  20.87802
6562.933  20.89018
6564.185  20.94156
6565.438  21.0169
6566.690  21.09215
6567.943  21.15307
6569.195  21.19438
6570.448  21.20754
6571.700  21.1759
6572.953  21.09186
6574.205  20.97689
6575.458  20.87266
6576.710  20.82043
6577.963  20.84688
6579.215  20.94078
6580.468  21.07916
6581.720  21.21893
6582.973  21.3285
6584.225  21.39815
6585.478  21.439
6586.731  21.45545
6587.983  21.46436
6589.236  21.4654
6590.488  21.44208
6591.741  21.40758
6592.993  21.3679
6594.246  21.32985
6595.498  21.29952
6596.751  21.27983
6598.003  21.27378
6599.256  21.25437
6600.508  21.21444
6601.761  21.16658
6603.013  21.13713
6604.266  21.14599
6605.518  21.20469
6606.771  21.29763
6608.023  21.39903
6609.276  21.48366
6610.529  21.53458
6611.781  21.55297
6613.034  21.55408
6614.286  21.55968
6615.539  21.55506
6616.791  21.55248
6618.044  21.54551
6619.296  21.53726
6620.549  21.52527
6621.801  21.51351
6623.054  21.49893
6624.306  21.46687
6625.559  21.44268
6626.811  21.43334
6628.064  21.42156
6629.316  21.40528
6630.569  21.38799
6631.821  21.37247
6633.074  21.35588
6634.326  21.35528
6635.579  21.37494
6636.832  21.41877
6638.084  21.46467
6639.337  21.50386
6640.589  21.53284
6641.842  21.53906
6643.094  21.53788
6644.347  21.54903
6645.599  21.55282
6646.852  21.54167
6648.104  21.5358
6649.357  21.53544
6650.609  21.53267
6651.862  21.5314
6653.114  21.52526
6654.367  21.51926
6655.619  21.52209
6656.872  21.51776
6658.124  21.49924
6659.377  21.47894
6660.630  21.46594
6661.882  21.45211
6663.135  21.44141
6664.387  21.43651
6665.640  21.42846
6666.892  21.43043
6668.145  21.44208
6669.397  21.45467
6670.650  21.47707
6671.902  21.4987
6673.155  21.49794
6674.407  21.47915
6675.660  21.45973
6676.912  21.44414
6678.165  21.4362
6679.417  21.44504
6680.670  21.46446
6681.922  21.47928
6683.175  21.49247
6684.427  21.50195
6685.680  21.5006
6686.933  21.50118
6688.185  21.50019
6689.438  21.50624
6690.690  21.51509
6691.943  21.51472
6693.195  21.50704
6694.448  21.48826
6695.700  21.46397
6696.953  21.43862
6698.205  21.41763
6699.458  21.3996
6700.710  21.38048
6701.963  21.36324
6703.215  21.34051
6704.468  21.31213
6705.720  21.2846
6706.973  21.2688
6708.225  21.27406
6709.478  21.28975
6710.731  21.3119
6711.983  21.32513
6713.236  21.32688
6714.488  21.31564
6715.741  21.31487
6716.993  21.33308
6718.246  21.36675
6719.498  21.40453
6720.751  21.43878
6722.003  21.46374
6723.256  21.4699
6724.508  21.46102
6725.761  21.44229
6727.013  21.42468
6728.266  21.40821
6729.518  21.40176
6730.771  21.41537
6732.023  21.43189
6733.276  21.44833
6734.528  21.45574
6735.781  21.45542
6737.034  21.44138
6738.286  21.42817
6739.539  21.41678
6740.791  21.40764
6742.044  21.40891
6743.296  21.40909
6744.549  21.42215
6745.801  21.43665
6747.054  21.45034
6748.306  21.46419
6749.559  21.47925
6750.811  21.48489
6752.064  21.48757
6753.316  21.4896
6754.569  21.49108
6755.821  21.48705
6757.074  21.48909
6758.326  21.4938
6759.579  21.4939
6760.832  21.49858
6762.084  21.50369
6763.337  21.50693
6764.589  21.51115
6765.842  21.52055
6767.094  21.52313
6768.347  21.51687
6769.599  21.51483
6770.852  21.51722
6772.104  21.51823
6773.357  21.51774
6774.609  21.51057
6775.862  21.5034
6777.114  21.50454
6778.367  21.50948
6779.619  21.503
6780.872  21.4947
6782.124  21.48976
6783.377  21.4826
6784.629  21.47473
6785.882  21.46845
6787.135  21.47053
6788.387  21.47348
6789.640  21.48504
6790.892  21.4984
6792.145  21.51187
6793.397  21.52086
6794.650  21.52684
6795.902  21.52657
6797.155  21.52815
6798.407  21.52434
6799.660  21.51549
6800.912  21.52087
6802.165  21.52582
6803.417  21.51971
6804.670  21.51396
6805.922  21.51583
6807.175  21.51647
6808.427  21.5164
6809.680  21.51528
6810.932  21.50793
6812.185  21.50991
6813.438  21.51991
6814.690  21.51571
6815.943  21.49928
6817.195  21.4883
6818.448  21.48183
6819.700  21.47291
6820.953  21.43961
6822.205  21.33582
6823.458  21.12294
6824.710  20.82042
6825.963  20.52334
6827.215  20.30035
6828.468  20.1568
6829.720  20.07097
6830.973  20.03502
6832.225  20.06223
6833.478  20.14121
6834.730  20.25384
6835.983  20.41095
6837.236  20.61224
6838.488  20.81281
6839.741  20.94387
6840.993  21.00201
6842.246  21.04676
6843.498  21.11943
6844.751  21.22813
6846.003  21.33004
6847.256  21.39063
6848.508  21.41085
6849.761  21.40763
6851.013  21.40701
6852.266  21.41736
6853.518  21.43337
6854.771  21.44798
6856.023  21.42214
6857.276  21.28861
6858.528  20.98073
6859.781  20.55212
6861.033  20.16168
6862.286  19.9147
6863.539  19.82791
6864.791  19.88881
6866.044  20.09028
6867.296  20.43505
6868.549  21.00201
6869.801  21.25298
6871.054  21.44008
6872.306  21.46087
6873.559  21.53732
6874.811  21.62533
6876.064  21.6588
6877.316  21.55639
6878.569  21.36635
