3749.761  22.99046
3751.014  22.99211
3752.267  23.00853
3753.519  23.01858
3754.772  23.03424
3756.024  23.06454
3757.277  23.05865
3758.529  23.11
3759.782  23.18179
3761.034  23.22252
3762.287  23.27
3763.539  23.31521
3764.792  23.34757
3766.044  23.3263
3767.297  23.32488
3768.550  23.2915
3769.802  23.21795
3771.055  23.17874
3772.307  23.14897
3773.560  23.10435
3774.812  23.12496
3776.065  23.08947
3777.317  23.06325
3778.570  23.11098
3779.822  23.17051
3781.075  23.19553
3782.327  23.19953
3783.580  23.19468
3784.832  23.19063
3786.085  23.2169
3787.338  23.19929
3788.590  23.16453
3789.843  23.15497
3791.095  23.12482
3792.348  23.10955
3793.600  23.16263
3794.853  23.14551
3796.105  23.17322
3797.358  23.33749
3798.610  23.36291
3799.863  23.25056
3801.115  23.24379
3802.368  23.26552
3803.620  23.24076
3804.873  23.24886
3806.126  23.30011
3807.378  23.28269
3808.631  23.24641
3809.883  23.21221
3811.136  23.12587
3812.388  23.06809
3813.641  23.038
3814.893  23.00078
3816.146  23.00162
3817.398  23.06093
3818.651  23.08903
3819.903  23.08831
3821.156  23.11911
3822.409  23.12983
3823.661  23.14461
3824.914  23.08817
3826.166  23.00118
3827.419  22.90192
3828.671  22.76908
3829.924  22.68513
3831.176  22.69106
3832.429  22.71989
3833.681  22.74844
3834.934  22.81441
3836.186  22.90278
3837.439  22.95242
3838.691  22.95952
3839.944  22.99429
3841.197  22.98217
3842.449  22.92786
3843.702  22.92435
3844.954  22.95769
3846.207  22.96943
3847.459  22.99503
3848.712  23.04856
3849.964  23.0836
3851.217  23.09484
3852.469  23.14616
3853.722  23.16752
3854.974  23.2042
3856.227  23.28261
3857.480  23.30133
3858.732  23.30882
3859.985  23.28665
3861.237  23.27473
3862.490  23.26339
3863.742  23.24792
3864.995  23.24914
3866.247  23.33463
3867.500  23.38026
3868.752  23.39304
3870.005  23.41119
3871.257  23.45812
3872.510  23.4258
3873.762  23.40356
3875.015  23.39042
3876.268  23.40615
3877.520  23.41062
3878.773  23.47699
3880.025  23.53832
3881.278  23.47246
3882.530  23.5354
3883.783  23.57721
3885.035  23.55255
3886.288  23.57518
3887.540  23.61218
3888.793  23.55726
3890.045  23.50819
3891.298  23.47321
3892.550  23.4312
3893.803  23.36739
3895.056  23.34256
3896.308  23.31412
3897.561  23.29032
3898.813  23.268
3900.066  23.19734
3901.318  23.12262
3902.571  23.05592
3903.823  22.96596
3905.076  22.88898
3906.328  22.8264
3907.581  22.79363
3908.833  22.76742
3910.086  22.76389
3911.339  22.79639
3912.591  22.83898
3913.844  22.88
3915.096  22.95077
3916.349  23.0167
3917.601  23.04067
3918.854  23.08245
3920.106  23.16376
3921.359  23.24137
3922.611  23.25951
3923.864  23.27602
3925.116  23.33214
3926.369  23.36645
3927.621  23.41826
3928.874  23.45363
3930.127  23.48165
3931.379  23.52617
3932.632  23.53352
3933.884  23.50281
3935.137  23.43071
3936.389  23.32176
3937.642  23.21213
3938.894  23.1292
3940.147  23.02579
3941.399  22.96416
3942.652  22.9466
3943.904  22.96314
3945.157  22.97635
3946.410  22.98858
3947.662  23.00774
3948.915  23.03658
3950.167  23.08499
3951.420  23.09204
3952.672  23.11703
3953.925  23.13279
3955.177  23.16425
3956.430  23.19337
3957.682  23.22208
3958.935  23.26463
3960.187  23.29609
3961.440  23.36979
3962.692  23.43647
3963.945  23.47816
3965.198  23.59735
3966.450  23.66039
3967.703  23.67553
3968.955  23.62983
3970.208  23.51903
3971.460  23.42504
3972.713  23.32938
3973.965  23.21465
3975.218  23.15364
3976.470  23.11583
3977.723  23.07658
3978.975  23.05663
3980.228  23.05856
3981.480  23.04114
3982.733  23.05924
3983.986  23.10917
3985.238  23.09779
3986.491  23.08593
3987.743  23.10952
3988.996  23.07574
3990.248  23.07708
3991.501  23.08906
3992.753  23.10508
3994.006  23.13856
3995.258  23.1261
3996.511  23.11066
3997.763  23.08953
3999.016  23.0598
4000.269  23.04751
4001.521  23.04431
4002.774  23.03107
4004.026  23.00343
4005.279  22.94161
4006.531  22.89677
4007.784  22.83081
4009.036  22.79089
4010.289  22.76999
4011.541  22.78649
4012.794  22.78981
4014.046  22.80475
4015.299  22.84568
4016.551  22.84433
4017.804  22.83182
4019.057  22.82335
4020.309  22.81715
4021.562  22.82429
4022.814  22.84052
4024.067  22.86134
4025.319  22.8706
4026.572  22.90298
4027.824  22.93086
4029.077  22.95394
4030.329  22.96965
4031.582  22.98324
4032.834  22.96771
4034.087  22.9717
4035.340  22.93417
4036.592  22.88535
4037.845  22.83479
4039.097  22.76756
4040.350  22.70737
4041.602  22.63811
4042.855  22.54128
4044.107  22.44692
4045.360  22.40195
4046.612  22.40018
4047.865  22.44698
4049.117  22.53046
4050.370  22.63927
4051.622  22.75433
4052.875  22.82853
4054.128  22.85272
4055.380  22.86686
4056.633  22.87374
4057.885  22.84302
4059.138  22.81013
4060.390  22.75722
4061.643  22.69823
4062.895  22.64899
4064.148  22.61881
4065.400  22.61989
4066.653  22.62624
4067.905  22.64577
4069.158  22.68996
4070.410  22.72347
4071.663  22.72784
4072.916  22.70739
4074.168  22.7081
4075.421  22.69411
4076.673  22.67008
4077.926  22.67238
4079.178  22.69022
4080.431  22.71812
4081.683  22.72845
4082.936  22.73448
4084.188  22.76133
4085.441  22.78658
4086.693  22.78847
4087.946  22.82037
4089.199  22.85023
4090.451  22.86704
4091.704  22.88791
4092.956  22.92455
4094.209  22.93942
4095.461  22.96952
4096.714  22.97981
4097.966  22.98668
4099.219  22.9972
4100.471  23.03849
4101.724  23.07296
4102.976  23.06742
4104.229  23.07265
4105.481  23.05908
4106.734  23.04088
4107.987  23.0153
4109.239  22.99657
4110.492  23.01759
4111.744  23.00346
4112.997  22.99227
4114.249  23.01451
4115.502  22.99612
4116.754  22.96795
4118.007  23.00011
4119.259  22.98772
4120.512  22.9284
4121.764  22.90137
4123.017  22.87185
4124.270  22.85875
4125.522  22.84153
4126.775  22.83019
4128.027  22.84357
4129.280  22.84872
4130.532  22.85712
4131.785  22.84585
4133.037  22.81865
4134.290  22.81079
4135.542  22.80115
4136.795  22.81169
4138.047  22.8429
4139.300  22.87255
4140.552  22.90534
4141.805  22.94021
4143.058  22.9566
4144.310  22.95536
4145.563  22.97556
4146.815  22.98487
4148.068  22.95864
4149.320  22.9625
4150.573  22.9409
4151.825  22.89142
4153.078  22.84408
4154.330  22.79199
4155.583  22.75228
4156.835  22.73233
4158.088  22.72133
4159.340  22.69866
4160.593  22.66901
4161.846  22.62454
4163.098  22.59791
4164.351  22.58375
4165.603  22.54976
4166.856  22.53615
4168.108  22.54252
4169.361  22.56436
4170.613  22.58451
4171.866  22.61768
4173.118  22.6497
4174.371  22.67647
4175.623  22.69967
4176.876  22.72104
4178.129  22.74596
4179.381  22.74724
4180.634  22.76529
4181.886  22.8201
4183.139  22.83663
4184.391  22.86512
4185.644  22.89633
4186.896  22.90025
4188.149  22.90088
4189.401  22.90446
4190.654  22.88427
4191.906  22.89233
4193.159  22.93542
4194.411  22.94956
4195.664  22.97692
4196.917  23.01387
4198.169  23.02779
4199.422  23.04934
4200.674  23.0277
4201.927  23.00661
4203.179  22.99709
4204.432  22.97811
4205.684  22.94723
4206.937  22.91469
4208.189  22.91547
4209.442  22.91975
4210.694  22.94007
4211.947  22.96628
4213.200  22.96915
4214.452  22.98216
4215.705  22.98774
4216.957  22.98785
4218.210  22.99296
4219.462  22.99763
4220.715  23.02913
4221.967  23.03609
4223.220  23.04512
4224.472  23.08997
4225.725  23.09405
4226.977  23.08321
4228.230  23.09422
4229.482  23.06798
4230.735  23.04652
4231.988  23.03205
4233.240  23.02451
4234.493  22.99937
4235.745  23.01286
4236.998  23.03001
4238.250  23.04094
4239.503  23.02491
4240.755  23.02554
4242.008  22.98034
4243.260  22.93937
4244.513  22.89638
4245.765  22.84164
4247.018  22.82662
4248.270  22.83204
4249.523  22.82848
4250.776  22.83213
4252.028  22.85545
4253.281  22.88079
4254.533  22.87209
4255.786  22.87477
4257.038  22.89985
4258.291  22.9204
4259.543  22.92289
4260.796  22.94118
4262.048  22.9433
4263.301  22.9286
4264.553  22.8956
4265.806  22.87383
4267.059  22.88062
4268.311  22.90053
4269.564  22.9261
4270.816  22.94762
4272.069  22.95421
4273.321  22.95529
4274.574  22.94244
4275.826  22.93811
4277.079  22.91704
4278.331  22.9121
4279.584  22.92544
4280.836  22.90958
4282.089  22.92744
4283.341  22.96481
4284.594  22.96796
4285.847  22.97682
4287.099  22.99184
4288.352  22.98341
4289.604  22.9881
4290.857  22.98649
4292.109  22.95657
4293.362  22.93826
4294.614  22.93899
4295.867  22.97259
4297.119  23.01033
4298.372  23.02827
4299.624  23.06051
4300.877  23.09015
4302.130  23.08563
4303.382  23.07474
4304.635  23.04331
4305.887  23.02752
4307.140  22.98951
4308.392  22.93553
4309.645  22.88229
4310.897  22.82366
4312.150  22.78446
4313.402  22.73541
4314.655  22.70952
4315.907  22.68781
4317.160  22.69997
4318.412  22.72605
4319.665  22.74778
4320.918  22.79703
4322.170  22.8351
4323.423  22.88724
4324.675  22.91933
4325.928  22.93428
4327.180  22.92401
4328.433  22.91239
4329.685  22.89826
4330.938  22.89235
4332.190  22.90708
4333.443  22.90715
4334.695  22.89655
4335.948  22.91738
4337.201  22.931
4338.453  22.93235
4339.706  22.93276
4340.958  22.91535
4342.211  22.89745
4343.463  22.87946
4344.716  22.85172
4345.968  22.81672
4347.221  22.80688
4348.473  22.82742
4349.726  22.83649
4350.978  22.81385
4352.231  22.73032
4353.483  22.53675
4354.736  22.30023
4355.989  22.09617
4357.241  21.99011
4358.494  21.98196
4359.746  22.05982
4360.999  22.23295
4362.251  22.45911
4363.504  22.64205
4364.756  22.75633
4366.009  22.80926
4367.261  22.83014
4368.514  22.83862
4369.766  22.85078
4371.019  22.83512
4372.271  22.80976
4373.524  22.79459
4374.777  22.76902
4376.029  22.76339
4377.282  22.76713
4378.534  22.77328
4379.787  22.80406
4381.039  22.84514
4382.292  22.87999
4383.544  22.89927
4384.797  22.90979
4386.049  22.90628
4387.302  22.88982
4388.554  22.88038
4389.807  22.87717
4391.060  22.8765
4392.312  22.86653
4393.565  22.85689
4394.817  22.83703
4396.070  22.81986
4397.322  22.79947
4398.575  22.77112
4399.827  22.74123
4401.080  22.70231
4402.332  22.66484
4403.585  22.62705
4404.837  22.59461
4406.090  22.57803
4407.342  22.55611
4408.595  22.53
4409.848  22.52477
4411.100  22.52908
4412.353  22.51994
4413.605  22.52244
4414.858  22.53211
4416.110  22.54147
4417.363  22.54769
4418.615  22.55169
4419.868  22.5567
4421.120  22.56034
4422.373  22.57262
4423.625  22.58371
4424.878  22.59498
4426.131  22.60517
4427.383  22.62086
4428.636  22.64144
4429.888  22.6603
4431.141  22.6805
4432.393  22.70073
4433.646  22.70969
4434.898  22.69254
4436.151  22.68755
4437.403  22.68567
4438.656  22.6747
4439.908  22.68255
4441.161  22.69564
4442.413  22.70209
4443.666  22.70828
4444.919  22.69987
4446.171  22.6965
4447.424  22.7138
4448.676  22.71643
4449.929  22.74296
4451.181  22.76699
4452.434  22.79619
4453.686  22.82181
4454.939  22.84056
4456.191  22.86292
4457.444  22.88467
4458.696  22.87992
4459.949  22.84941
4461.201  22.83664
4462.454  22.81011
4463.707  22.81026
4464.959  22.83395
4466.212  22.82516
4467.464  22.81618
4468.717  22.83314
4469.969  22.84234
4471.222  22.82401
4472.474  22.80676
4473.727  22.78542
4474.979  22.7792
4476.232  22.79222
4477.484  22.80337
4478.737  22.8148
4479.990  22.82523
4481.242  22.80097
4482.495  22.78136
4483.747  22.77216
4485.000  22.76895
4486.252  22.76
4487.505  22.75822
4488.757  22.76447
4490.010  22.75228
4491.262  22.75041
4492.515  22.75641
4493.767  22.73683
4495.020  22.72809
4496.272  22.73364
4497.525  22.73229
4498.778  22.72635
4500.030  22.72735
4501.283  22.71377
4502.535  22.71947
4503.788  22.71979
4505.040  22.7049
4506.293  22.69766
4507.545  22.70872
4508.798  22.70815
4510.050  22.71767
4511.303  22.73153
4512.555  22.74033
4513.808  22.73367
4515.061  22.73895
4516.313  22.74459
4517.566  22.72117
4518.818  22.70662
4520.071  22.69586
4521.323  22.68903
4522.576  22.68447
4523.828  22.67706
4525.081  22.67227
4526.333  22.65959
4527.586  22.6427
4528.838  22.62911
4530.091  22.61409
4531.343  22.59185
4532.596  22.58595
4533.849  22.57446
4535.101  22.56563
4536.354  22.58006
4537.606  22.58915
4538.859  22.58024
4540.111  22.58161
4541.364  22.57796
4542.616  22.56657
4543.869  22.56005
4545.121  22.56879
4546.374  22.59132
4547.626  22.60159
4548.879  22.60348
4550.131  22.61346
4551.384  22.6289
4552.637  22.63629
4553.889  22.6443
4555.142  22.65852
4556.394  22.66629
4557.647  22.66629
4558.899  22.66995
4560.152  22.67699
4561.404  22.68501
4562.657  22.70287
4563.909  22.70412
4565.162  22.71074
4566.414  22.71677
4567.667  22.70762
4568.920  22.72148
4570.172  22.73059
4571.425  22.72596
4572.677  22.70767
4573.930  22.70104
4575.182  22.6911
4576.435  22.6524
4577.687  22.62594
4578.940  22.62231
4580.192  22.60544
4581.445  22.61051
4582.697  22.63924
4583.950  22.64642
4585.202  22.6518
4586.455  22.65457
4587.708  22.66429
4588.960  22.67754
4590.213  22.68572
4591.465  22.69568
4592.718  22.70597
4593.970  22.72457
4595.223  22.73906
4596.475  22.7442
4597.728  22.74011
4598.980  22.74888
4600.233  22.76
4601.485  22.76263
4602.738  22.76655
4603.991  22.74606
4605.243  22.73313
4606.496  22.7254
4607.748  22.70802
4609.001  22.70726
4610.253  22.70865
4611.506  22.71167
4612.758  22.72197
4614.011  22.74272
4615.263  22.74425
4616.516  22.73608
4617.768  22.73628
4619.021  22.74761
4620.273  22.73754
4621.526  22.73517
4622.779  22.72862
4624.031  22.734
4625.284  22.72572
4626.536  22.72877
4627.789  22.74301
4629.041  22.74176
4630.294  22.74077
4631.546  22.74993
4632.799  22.75805
4634.051  22.75768
4635.304  22.76109
4636.556  22.76295
4637.809  22.77256
4639.061  22.77083
4640.314  22.78381
4641.567  22.77629
4642.819  22.76895
4644.072  22.7813
4645.324  22.79266
4646.577  22.80273
4647.829  22.78879
4649.082  22.77705
4650.334  22.7608
4651.587  22.7496
4652.839  22.73898
4654.092  22.69394
4655.344  22.65676
4656.597  22.61602
4657.850  22.58622
4659.102  22.56075
4660.355  22.55711
4661.607  22.56052
4662.860  22.56909
4664.112  22.57572
4665.365  22.57957
4666.617  22.58085
4667.870  22.58354
4669.122  22.56693
4670.375  22.55941
4671.627  22.54015
4672.880  22.52783
4674.132  22.53158
4675.385  22.53857
4676.638  22.56516
4677.890  22.584
4679.143  22.58681
4680.395  22.59023
4681.648  22.59429
4682.900  22.6023
4684.153  22.61187
4685.405  22.61888
4686.658  22.62579
4687.910  22.63521
4689.163  22.64774
4690.415  22.64899
4691.668  22.65175
4692.921  22.66185
4694.173  22.67342
4695.426  22.67251
4696.678  22.69968
4697.931  22.72233
4699.183  22.72162
4700.436  22.71676
4701.688  22.71498
4702.941  22.70325
4704.193  22.68848
4705.446  22.67579
4706.698  22.66591
4707.951  22.66493
4709.203  22.66135
4710.456  22.65943
4711.709  22.65769
4712.961  22.65708
4714.214  22.66528
4715.466  22.6692
4716.719  22.66882
4717.971  22.65267
4719.224  22.64997
4720.476  22.66511
4721.729  22.66213
4722.981  22.66528
4724.234  22.66664
4725.486  22.67471
4726.739  22.66759
4727.991  22.66258
4729.244  22.66838
4730.497  22.67071
4731.749  22.6595
4733.002  22.66037
4734.254  22.65932
4735.507  22.64938
4736.759  22.63195
4738.012  22.60822
4739.264  22.59542
4740.517  22.58381
4741.769  22.59091
4743.022  22.59534
4744.274  22.61541
4745.527  22.6493
4746.780  22.66399
4748.032  22.66968
4749.285  22.67794
4750.537  22.68421
4751.790  22.70174
4753.042  22.7022
4754.295  22.71145
4755.547  22.72866
4756.800  22.74138
4758.052  22.75015
4759.305  22.75581
4760.557  22.75927
4761.810  22.77188
4763.062  22.77419
4764.315  22.77979
4765.568  22.77883
4766.820  22.76827
4768.073  22.77182
4769.325  22.77007
4770.578  22.75893
4771.830  22.75378
4773.083  22.74139
4774.335  22.7269
4775.588  22.71194
4776.840  22.70546
4778.093  22.71265
4779.345  22.70924
4780.598  22.71222
4781.851  22.73221
4783.103  22.74331
4784.356  22.75013
4785.608  22.75139
4786.861  22.74092
4788.113  22.72976
4789.366  22.72228
4790.618  22.70703
4791.871  22.69896
4793.123  22.69308
4794.376  22.68973
4795.628  22.68824
4796.881  22.70088
4798.133  22.71664
4799.386  22.71823
4800.639  22.70524
4801.891  22.70295
4803.144  22.70681
4804.396  22.6902
4805.649  22.68333
4806.901  22.69094
4808.154  22.69198
4809.406  22.68857
4810.659  22.68177
4811.911  22.65571
4813.164  22.62667
4814.416  22.60098
4815.669  22.56876
4816.921  22.53213
4818.174  22.50363
4819.427  22.49324
4820.679  22.49225
4821.932  22.49137
4823.184  22.49473
4824.437  22.50745
4825.689  22.51242
4826.942  22.50558
4828.194  22.49694
4829.447  22.49597
4830.699  22.49139
4831.952  22.47004
4833.204  22.46952
4834.457  22.47255
4835.710  22.4709
4836.962  22.47099
4838.215  22.47145
4839.467  22.48316
4840.720  22.50381
4841.972  22.51432
4843.225  22.52537
4844.477  22.54849
4845.730  22.55937
4846.982  22.56691
4848.235  22.58173
4849.487  22.58412
4850.740  22.60097
4851.992  22.62337
4853.245  22.64387
4854.498  22.6622
4855.750  22.66428
4857.003  22.63344
4858.255  22.59769
4859.508  22.56168
4860.760  22.54166
4862.013  22.55751
4863.265  22.58336
4864.518  22.61915
4865.770  22.64985
4867.023  22.66653
4868.275  22.6812
4869.528  22.68128
4870.781  22.68919
4872.033  22.69982
4873.286  22.69335
4874.538  22.67568
4875.791  22.64416
4877.043  22.61256
4878.296  22.58115
4879.548  22.55685
4880.801  22.56056
4882.053  22.55774
4883.306  22.53899
4884.558  22.54969
4885.811  22.57385
4887.063  22.58369
4888.316  22.59262
4889.569  22.59447
4890.821  22.5885
4892.074  22.59998
4893.326  22.60593
4894.579  22.59116
4895.831  22.59253
4897.084  22.60645
4898.336  22.61541
4899.589  22.61533
4900.841  22.61973
4902.094  22.61861
4903.346  22.61643
4904.599  22.60983
4905.851  22.61246
4907.104  22.62389
4908.357  22.6225
4909.609  22.63355
4910.862  22.64702
4912.114  22.6357
4913.367  22.63356
4914.619  22.64847
4915.872  22.66385
4917.124  22.67732
4918.377  22.69701
4919.629  22.70612
4920.882  22.69671
4922.134  22.67125
4923.387  22.6601
4924.640  22.65551
4925.892  22.64032
4927.145  22.64921
4928.397  22.65671
4929.650  22.6556
4930.902  22.64942
4932.155  22.65446
4933.407  22.65913
4934.660  22.64219
4935.912  22.6381
4937.165  22.6396
4938.417  22.63521
4939.670  22.63044
4940.922  22.63433
4942.175  22.6452
4943.428  22.64746
4944.680  22.64751
4945.933  22.6431
4947.185  22.64465
4948.438  22.63506
4949.690  22.60608
4950.943  22.58942
4952.195  22.5871
4953.448  22.59327
4954.700  22.61027
4955.953  22.62276
4957.205  22.63358
4958.458  22.63324
4959.711  22.6212
4960.963  22.60541
4962.216  22.59004
4963.468  22.56314
4964.721  22.54952
4965.973  22.54336
4967.226  22.53473
4968.478  22.5237
4969.731  22.49621
4970.983  22.47071
4972.236  22.44855
4973.488  22.42867
4974.741  22.4075
4975.993  22.38018
4977.246  22.36196
4978.499  22.34478
4979.751  22.33665
4981.004  22.32775
4982.256  22.31828
4983.509  22.32976
4984.761  22.34924
4986.014  22.35213
4987.266  22.35648
4988.519  22.36789
4989.771  22.38846
4991.024  22.40559
4992.276  22.42605
4993.529  22.45473
4994.782  22.48358
4996.034  22.51419
4997.287  22.53364
4998.539  22.55327
4999.792  22.56712
5001.044  22.57023
5002.297  22.56591
5003.549  22.55264
5004.802  22.55315
5006.054  22.55596
5007.307  22.56579
5008.559  22.58908
5009.812  22.60467
5011.064  22.6168
5012.317  22.6398
5013.570  22.66306
5014.822  22.67126
5016.075  22.67053
5017.327  22.65833
5018.580  22.6487
5019.832  22.65487
5021.085  22.66797
5022.337  22.67113
5023.590  22.66826
5024.842  22.66782
5026.095  22.67251
5027.347  22.66681
5028.600  22.6647
5029.852  22.66091
5031.105  22.65805
5032.358  22.65645
5033.610  22.67566
5034.863  22.69944
5036.115  22.71391
5037.368  22.72747
5038.620  22.7403
5039.873  22.74827
5041.125  22.73471
5042.378  22.72668
5043.630  22.72588
5044.883  22.70681
5046.135  22.69743
5047.388  22.70289
5048.641  22.70979
5049.893  22.71657
5051.146  22.72524
5052.398  22.72307
5053.651  22.70523
5054.903  22.70139
5056.156  22.69005
5057.408  22.67933
5058.661  22.6872
5059.913  22.68238
5061.166  22.67614
5062.418  22.67187
5063.671  22.66267
5064.923  22.66991
5066.176  22.65345
5067.429  22.63017
5068.681  22.63465
5069.934  22.63776
5071.186  22.64607
5072.439  22.65778
5073.691  22.6609
5074.944  22.67236
5076.196  22.68413
5077.449  22.65387
5078.701  22.61258
5079.954  22.57507
5081.206  22.52395
5082.459  22.48307
5083.712  22.46385
5084.964  22.45268
5086.217  22.4548
5087.469  22.48065
5088.722  22.52218
5089.974  22.5565
5091.227  22.58602
5092.479  22.61005
5093.732  22.63583
5094.984  22.64484
5096.237  22.63364
5097.489  22.62176
5098.742  22.62455
5099.994  22.63428
5101.247  22.6459
5102.500  22.64862
5103.752  22.65966
5105.005  22.68843
5106.257  22.70794
5107.510  22.70898
5108.762  22.7077
5110.015  22.70786
5111.267  22.69007
5112.520  22.67529
5113.772  22.68039
5115.025  22.66981
5116.277  22.65301
5117.530  22.65854
5118.782  22.67454
5120.035  22.69579
5121.288  22.71818
5122.540  22.73673
5123.793  22.73605
5125.045  22.7327
5126.298  22.73289
5127.550  22.72274
5128.803  22.69427
5130.055  22.65812
5131.308  22.62699
5132.560  22.60661
5133.813  22.59342
5135.065  22.58379
5136.318  22.58715
5137.571  22.5891
5138.823  22.59408
5140.076  22.59642
5141.328  22.58031
5142.581  22.57551
5143.833  22.5637
5145.086  22.5458
5146.338  22.54287
5147.591  22.53447
5148.843  22.51853
5150.096  22.49442
5151.348  22.47875
5152.601  22.47583
5153.853  22.47643
5155.106  22.47191
5156.359  22.49526
5157.611  22.52095
5158.864  22.5344
5160.116  22.55379
5161.369  22.58126
5162.621  22.62118
5163.874  22.66527
5165.126  22.69907
5166.379  22.73012
5167.631  22.76096
5168.884  22.793
5170.136  22.79682
5171.389  22.77778
5172.642  22.74827
5173.894  22.7227
5175.147  22.71029
5176.399  22.70312
5177.652  22.70771
5178.904  22.71371
5180.157  22.72181
5181.409  22.73907
5182.662  22.75377
5183.914  22.73902
5185.167  22.69693
5186.419  22.65246
5187.672  22.62789
5188.924  22.60863
5190.177  22.59742
5191.430  22.58363
5192.682  22.54437
5193.935  22.47375
5195.187  22.54529
5196.440  22.51095
5197.692  22.47332
5198.945  22.44912
5200.197  22.43237
5201.450  22.43018
5202.702  22.34075
5203.955  22.42784
5205.207  22.51462
5206.460  22.58409
5207.712  22.61706
5208.965  22.61895
5210.218  22.61996
5211.470  22.61094
5212.723  22.60648
5213.975  22.6062
5215.228  22.59249
5216.480  22.57461
5217.733  22.55337
5218.985  22.518
5220.238  22.49726
5221.490  22.49745
5222.743  22.50857
5223.995  22.52442
5225.248  22.55093
5226.501  22.57516
5227.753  22.59912
5229.006  22.61077
5230.258  22.60993
5231.511  22.6106
5232.763  22.59467
5234.016  22.56964
5235.268  22.54682
5236.521  22.50878
5237.773  22.48868
5239.026  22.50617
5240.278  22.52681
5241.531  22.56158
5242.783  22.59385
5244.036  22.61961
5245.289  22.63656
5246.541  22.64001
5247.794  22.64214
5249.046  22.62005
5250.299  22.60215
5251.551  22.58165
5252.804  22.54309
5254.056  22.51546
5255.309  22.49752
5256.561  22.5041
5257.814  22.52786
5259.066  22.57141
5260.319  22.62643
5261.572  22.6732
5262.824  22.71327
5264.077  22.74396
5265.329  22.74426
5266.582  22.75706
5267.834  22.77013
5269.087  22.75246
5270.339  22.7188
5271.592  22.68182
5272.844  22.64975
5274.097  22.61497
5275.349  22.59076
5276.602  22.58375
5277.854  22.59169
5279.107  22.61127
5280.360  22.6332
5281.612  22.64822
5282.865  22.65128
5284.117  22.64344
5285.370  22.63989
5286.622  22.62649
5287.875  22.60697
5289.127  22.59826
5290.380  22.59242
5291.632  22.58281
5292.885  22.58718
5294.137  22.58948
5295.390  22.58357
5296.642  22.57838
5297.895  22.56979
5299.148  22.54794
5300.400  22.53571
5301.653  22.54932
5302.905  22.55
5304.158  22.5496
5305.410  22.56169
5306.663  22.54355
5307.915  22.52415
5309.168  22.51864
5310.420  22.51141
5311.673  22.50971
5312.925  22.49719
5314.178  22.50953
5315.431  22.51719
5316.683  22.52513
5317.936  22.5328
5319.188  22.52621
5320.441  22.53067
5321.693  22.52705
5322.946  22.52751
5324.198  22.53215
5325.451  22.52914
5326.703  22.52408
5327.956  22.52167
5329.208  22.50627
5330.461  22.47146
5331.713  22.46833
5332.966  22.47056
5334.219  22.47173
5335.471  22.48108
5336.724  22.48209
5337.976  22.48987
5339.229  22.48754
5340.481  22.51258
5341.734  22.49141
5342.986  22.49004
5344.239  22.50099
5345.491  22.47653
5346.744  22.46578
5347.996  22.45524
5349.249  22.44714
5350.502  22.44286
5351.754  22.45328
5353.007  22.46271
5354.259  22.46007
5355.512  22.46955
5356.764  22.47749
5358.017  22.48863
5359.269  22.51226
5360.522  22.53502
5361.774  22.56353
5363.027  22.56926
5364.279  22.58036
5365.532  22.57339
5366.784  22.56693
5368.037  22.55662
5369.290  22.5554
5370.542  22.54704
5371.795  22.52509
5373.047  22.51399
5374.300  22.49773
5375.552  22.49184
5376.805  22.49952
5378.057  22.5109
5379.310  22.51168
5380.562  22.52729
5381.815  22.53899
5383.067  22.52826
5384.320  22.52887
5385.572  22.53464
5386.825  22.5362
5388.078  22.53557
5389.330  22.53144
5390.583  22.52361
5391.835  22.53321
5393.088  22.54198
5394.340  22.54913
5395.593  22.55695
5396.845  22.56903
5398.098  22.56374
5399.350  22.56466
5400.603  22.57479
5401.855  22.57319
5403.108  22.56999
5404.361  22.56476
5405.613  22.56324
5406.866  22.54908
5408.118  22.53914
5409.371  22.52973
5410.623  22.50823
5411.876  22.49012
5413.128  22.47229
5414.381  22.46123
5415.633  22.43298
5416.886  22.42269
5418.138  22.42509
5419.391  22.43056
5420.643  22.43553
5421.896  22.43691
5423.149  22.43935
5424.401  22.43274
5425.654  22.43921
5426.906  22.45305
5428.159  22.45483
5429.411  22.45549
5430.664  22.44104
5431.916  22.43241
5433.169  22.42665
5434.421  22.41844
5435.674  22.40842
5436.926  22.40244
5438.179  22.39435
5439.432  22.39707
5440.684  22.39554
5441.937  22.40119
5443.189  22.41204
5444.442  22.4138
5445.694  22.41524
5446.947  22.40851
5448.199  22.39967
5449.452  22.3969
5450.704  22.40622
5451.957  22.39898
5453.209  22.35256
5454.462  22.24618
5455.714  22.09885
5456.967  21.94811
5458.220  21.80159
5459.472  21.69591
5460.725  21.67118
5461.977  21.71902
5463.230  21.82855
5464.482  21.97079
5465.735  22.12959
5466.987  22.26985
5468.240  22.35337
5469.492  22.38899
5470.745  22.40434
5471.997  22.4276
5473.250  22.43869
5474.502  22.4471
5475.755  22.45601
5477.008  22.44889
5478.260  22.42986
5479.513  22.40163
5480.765  22.3751
5482.018  22.36751
5483.270  22.36262
5484.523  22.35649
5485.775  22.37881
5487.028  22.40307
5488.280  22.4147
5489.533  22.43783
5490.785  22.44528
5492.038  22.44441
5493.291  22.43872
5494.543  22.432
5495.796  22.43167
5497.048  22.42991
5498.301  22.42042
5499.553  22.41578
5500.806  22.40991
5502.058  22.4073
5503.311  22.41112
5504.563  22.40637
5505.816  22.41696
5507.068  22.41579
5508.321  22.40566
5509.573  22.40807
5510.826  22.39796
5512.079  22.37511
5513.331  22.35929
5514.584  22.34932
5515.836  22.33851
5517.089  22.34745
5518.341  22.35046
5519.594  22.35538
5520.846  22.36803
5522.099  22.37932
5523.351  22.37616
5524.604  22.38236
5525.856  22.40512
5527.109  22.42923
5528.362  22.44205
5529.614  22.44784
5530.867  22.44555
5532.119  22.44733
5533.372  22.44773
5534.624  22.43394
5535.877  22.42052
5537.129  22.40163
5538.382  22.36026
5539.634  22.31236
5540.887  22.29278
5542.139  22.27415
5543.392  22.25332
5544.644  22.25346
5545.897  22.25122
5547.150  22.27303
5548.402  22.29638
5549.655  22.31899
5550.907  22.33429
5552.160  22.34213
5553.412  22.36214
5554.665  22.36064
5555.917  22.35543
5557.170  22.33935
5558.422  22.29558
5559.675  22.24295
5560.927  22.20265
5562.180  22.16248
5563.433  22.13455
5564.685  22.12328
5565.938  22.10126
5567.190  22.00034
5568.443  21.8718
5569.695  21.27387
5570.948  20.34059
5572.200  19.52031
5573.453  18.97862
5574.705  18.6093
5575.958  18.26419
5577.210  18.22194
5578.463  18.35301
5579.715  18.61536
5580.968  19.02447
5582.221  19.6638
5583.473  20.40911
5584.726  21.39738
5585.978  21.90096
5587.231  22.0759
5588.483  22.13677
5589.736  22.16815
5590.988  22.20037
5592.241  22.24218
5593.493  22.27105
5594.746  22.29884
5595.998  22.31827
5597.251  22.32021
5598.503  22.30778
5599.756  22.27778
5601.009  22.25524
5602.261  22.22613
5603.514  22.18543
5604.766  22.1769
5606.019  22.1974
5607.271  22.22409
5608.524  22.26738
5609.776  22.30989
5611.029  22.34616
5612.281  22.37105
5613.534  22.37996
5614.786  22.37607
5616.039  22.36573
5617.292  22.3673
5618.544  22.35564
5619.797  22.3335
5621.049  22.31092
5622.302  22.2936
5623.554  22.296
5624.807  22.3155
5626.059  22.33909
5627.312  22.36225
5628.564  22.38715
5629.817  22.41236
5631.069  22.42725
5632.322  22.43696
5633.574  22.43313
5634.827  22.43088
5636.080  22.41837
5637.332  22.41234
5638.585  22.40935
5639.837  22.39696
5641.090  22.37257
5642.342  22.35105
5643.595  22.33791
5644.847  22.32661
5646.100  22.33021
5647.352  22.34347
5648.605  22.358
5649.857  22.38008
5651.110  22.39401
5652.363  22.39967
5653.615  22.40061
5654.868  22.39885
5656.120  22.3909
5657.373  22.38122
5658.625  22.35745
5659.878  22.28699
5661.130  22.11227
5662.383  22.0286
5663.635  21.99937
5664.888  22.01806
5666.140  22.08979
5667.393  22.12544
5668.645  22.11645
5669.898  22.10134
5671.151  22.07592
5672.403  22.06609
5673.656  22.09016
5674.908  22.09965
5676.161  22.0914
5677.413  22.06794
5678.666  22.01764
5679.918  21.94454
5681.171  21.86194
5682.423  21.77632
5683.676  21.69982
5684.928  21.63537
5686.181  21.5956
5687.433  21.58273
5688.686  21.59191
5689.939  21.62046
5691.191  21.66616
5692.444  21.73116
5693.696  21.80902
5694.949  21.87708
5696.201  21.93473
5697.454  21.98935
5698.706  22.03536
5699.959  22.07096
5701.211  22.09851
5702.464  22.12251
5703.716  22.15727
5704.969  22.20173
5706.222  22.22287
5707.474  22.2383
5708.727  22.24465
5709.979  22.24635
5711.232  22.23283
5712.484  22.23691
5713.737  22.25044
5714.989  22.25913
5716.242  22.26018
5717.494  22.26972
5718.747  22.27579
5719.999  22.27222
5721.252  22.27085
5722.504  22.26462
5723.757  22.27283
5725.010  22.305
5726.262  22.30785
5727.515  22.32244
5728.767  22.34216
5730.020  22.35502
5731.272  22.36455
5732.525  22.3668
5733.777  22.35729
5735.030  22.36739
5736.282  22.36869
5737.535  22.36956
5738.787  22.37428
5740.040  22.36954
5741.293  22.3693
5742.545  22.37474
5743.798  22.37745
5745.050  22.3624
5746.303  22.37763
5747.555  22.38231
5748.808  22.38545
5750.060  22.384
5751.313  22.38347
5752.565  22.37597
5753.818  22.37269
5755.070  22.36354
5756.323  22.36119
5757.575  22.35431
5758.828  22.34174
5760.081  22.32982
5761.333  22.31209
5762.586  22.26066
5763.838  22.20852
5765.091  22.16567
5766.343  22.10431
5767.596  22.06647
5768.848  22.05046
5770.101  22.06352
5771.353  22.09741
5772.606  22.14475
5773.858  22.19708
5775.111  22.24217
5776.363  22.28728
5777.616  22.30813
5778.869  22.3071
5780.121  22.31582
5781.374  22.31141
5782.626  22.28739
5783.879  22.255
5785.131  22.20992
5786.384  22.1533
5787.636  22.10533
5788.889  22.06458
5790.141  22.03832
5791.394  22.04871
5792.646  22.07954
5793.899  22.10943
5795.152  22.15706
5796.404  22.15441
5797.657  22.01605
5798.909  22.00013
5800.162  21.99083
5801.414  22.07133
5802.667  22.14583
5803.919  22.19983
5805.172  22.22148
5806.424  22.22561
5807.677  22.22896
5808.929  22.22646
5810.182  22.22727
5811.434  22.2275
5812.687  22.22407
5813.940  22.21069
5815.192  22.20667
5816.445  22.20895
5817.697  22.1974
5818.950  22.18804
5820.202  22.18292
5821.455  22.18325
5822.707  22.17484
5823.960  22.15736
5825.212  22.15977
5826.465  22.15701
5827.717  22.14585
5828.970  22.13314
5830.223  22.12958
5831.475  22.11761
5832.728  22.10249
5833.980  22.09662
5835.233  22.08409
5836.485  22.06067
5837.738  22.05245
5838.990  22.06351
5840.243  22.06053
5841.495  22.05953
5842.748  22.06545
5844.000  22.0519
5845.253  22.04165
5846.505  22.04294
5847.758  22.04079
5849.011  22.0365
5850.263  22.02441
5851.516  22.021
5852.768  22.02065
5854.021  22.0135
5855.273  22.01447
5856.526  22.00896
5857.778  21.99683
5859.031  21.96378
5860.283  21.90233
5861.536  21.82589
5862.788  21.73695
5864.041  21.64679
5865.293  21.58151
5866.546  21.5525
5867.799  21.56544
5869.051  21.6115
5870.304  21.67899
5871.556  21.75193
5872.809  21.82614
5874.061  21.894
5875.314  21.93623
5876.566  21.97844
5877.819  22.02041
5879.071  22.04178
5880.324  22.03384
5881.576  21.94209
5882.829  21.73365
5884.082  21.45771
5885.334  21.19483
5886.587  20.97944
5887.839  20.80641
5889.092  20.69407
5890.344  20.66027
5891.597  20.68047
5892.849  20.72431
5894.102  20.79298
5895.354  20.89594
5896.607  21.04261
5897.859  21.20957
5899.112  21.39198
5900.364  21.60357
5901.617  21.79226
5902.870  21.89081
5904.122  21.91532
5905.375  21.90996
5906.627  21.9083
5907.880  21.90391
5909.132  21.86781
5910.385  21.81218
5911.637  21.75533
5912.890  21.68755
5914.142  21.64361
5915.395  21.6381
5916.647  21.68107
5917.900  21.72987
5919.153  21.77483
5920.405  21.81239
5921.658  21.82409
5922.910  21.80261
5924.163  21.78677
5925.415  21.77016
5926.668  21.72157
5927.920  21.67247
5929.173  21.62482
5930.425  21.57275
5931.678  21.53143
5932.930  21.53649
5934.183  21.57878
5935.435  21.63472
5936.688  21.72884
5937.941  21.81483
5939.193  21.87354
5940.446  21.8996
5941.698  21.90065
5942.951  21.87588
5944.203  21.85183
5945.456  21.8313
5946.708  21.80485
5947.961  21.76719
5949.213  21.72342
5950.466  21.68101
5951.718  21.64426
5952.971  21.63824
5954.223  21.66913
5955.476  21.7269
5956.729  21.79269
5957.981  21.86046
5959.234  21.91251
5960.486  21.9487
5961.739  21.95708
5962.991  21.93637
5964.244  21.91549
5965.496  21.9022
5966.749  21.91179
5968.001  21.9098
5969.254  21.88834
5970.506  21.86856
5971.759  21.85335
5973.012  21.83299
5974.264  21.81514
5975.517  21.79998
5976.769  21.80909
5978.022  21.84315
5979.274  21.88609
5980.527  21.93068
5981.779  21.9787
5983.032  22.01833
5984.284  22.03718
5985.537  22.03565
5986.789  22.04159
5988.042  22.05379
5989.294  22.05564
5990.547  22.05501
5991.800  22.04899
5993.052  22.03883
5994.305  22.03274
5995.557  22.0182
5996.810  21.99642
5998.062  21.98827
5999.315  21.9836
6000.567  21.97485
6001.820  21.96588
6003.072  21.96031
6004.325  21.97881
6005.577  22.00756
6006.830  22.03451
6008.083  22.06516
6009.335  22.10392
6010.588  22.12837
6011.840  22.12486
6013.093  22.12109
6014.345  22.12829
6015.598  22.14155
6016.850  22.15113
6018.103  22.1454
6019.355  22.13841
6020.608  22.13949
6021.860  22.15083
6023.113  22.15435
6024.365  22.14793
6025.618  22.13961
6026.871  22.11201
6028.123  22.09939
6029.376  22.10158
6030.628  22.09491
6031.881  22.08088
6033.133  22.07193
6034.386  22.0961
6035.638  22.11841
6036.891  22.12393
6038.143  22.14043
6039.396  22.15341
6040.648  22.16632
6041.901  22.18171
6043.153  22.19122
6044.406  22.19159
6045.659  22.19776
6046.911  22.20092
6048.164  22.19293
6049.416  22.19367
6050.669  22.20307
6051.921  22.20913
6053.174  22.20714
6054.426  22.21111
6055.679  22.21073
6056.931  22.19104
6058.184  22.19094
6059.436  22.18519
6060.689  22.17935
6061.942  22.18004
6063.194  22.17516
6064.447  22.17127
6065.699  22.16814
6066.952  22.17152
6068.204  22.18361
6069.457  22.18925
6070.709  22.17155
6071.962  22.18623
6073.214  22.20011
6074.467  22.23147
6075.719  22.22903
6076.972  22.21846
6078.224  22.23293
6079.477  22.22812
6080.730  22.21205
6081.982  22.23747
6083.235  22.24108
6084.487  22.24355
6085.740  22.24407
6086.992  22.2446
6088.245  22.24792
6089.497  22.23888
6090.750  22.24296
6092.002  22.2342
6093.255  22.2111
6094.507  22.20701
6095.760  22.19715
6097.013  22.18396
6098.265  22.16791
6099.518  22.16702
6100.770  22.16161
6102.023  22.14652
6103.275  22.12515
6104.528  22.11292
6105.780  22.0918
6107.033  22.0565
6108.285  22.02994
6109.538  22.01279
6110.790  21.97904
6112.043  21.95774
6113.295  21.95665
6114.548  21.97791
6115.801  22.01424
6117.053  22.04169
6118.306  22.07174
6119.558  22.11457
6120.811  22.14476
6122.063  22.16064
6123.316  22.16287
6124.568  22.18476
6125.821  22.19685
6127.073  22.19534
6128.326  22.1937
6129.578  22.19058
6130.831  22.18256
6132.083  22.16916
6133.336  22.1403
6134.589  22.10575
6135.841  22.07751
6137.094  22.04151
6138.346  22.00273
6139.599  21.97772
6140.851  21.96924
6142.104  21.96711
6143.356  21.97192
6144.609  21.98009
6145.861  22.00961
6147.114  22.04574
6148.366  22.07065
6149.619  22.06801
6150.872  22.06084
6152.124  22.06426
6153.377  22.04901
6154.629  22.02997
6155.882  22.02431
6157.134  22.01654
6158.387  22.01134
6159.639  22.0181
6160.892  22.0412
6162.144  22.06212
6163.397  22.06669
6164.649  22.06458
6165.902  22.05494
6167.154  22.03554
6168.407  22.00443
6169.660  21.97307
6170.912  21.98004
6172.165  22.01526
6173.417  22.04373
6174.670  22.09735
6175.922  22.16115
6177.175  22.20234
6178.427  22.22127
6179.680  22.24257
6180.932  22.26181
6182.185  22.27059
6183.437  22.26958
6184.690  22.26105
6185.943  22.25768
6187.195  22.25392
6188.448  22.25503
6189.700  22.24603
6190.953  22.23804
6192.205  22.24006
6193.458  22.25393
6194.710  22.25086
6195.963  22.23132
6197.215  22.19975
6198.468  22.1518
6199.720  22.12055
6200.973  22.08315
6202.225  22.0576
6203.478  22.07179
6204.731  22.10058
6205.983  22.12877
6207.236  22.17182
6208.488  22.19772
6209.741  22.19837
6210.993  22.19742
6212.246  22.19599
6213.498  22.19705
6214.751  22.19767
6216.003  22.16997
6217.256  22.12287
6218.508  22.09299
6219.761  22.04662
6221.014  22.02944
6222.266  22.05856
6223.519  22.10878
6224.771  22.16322
6226.024  22.21014
6227.276  22.21506
6228.529  22.11686
6229.781  21.94106
6231.034  21.75526
6232.286  21.58019
6233.539  21.43037
6234.791  21.34907
6236.044  21.33888
6237.296  21.38271
6238.549  21.46655
6239.802  21.58063
6241.054  21.70179
6242.307  21.81743
6243.559  21.90697
6244.812  22.00269
6246.064  22.08718
6247.317  22.14402
6248.569  22.19839
6249.822  22.19225
6251.074  22.09048
6252.327  21.93135
6253.579  21.75981
6254.832  21.60289
6256.084  21.46848
6257.337  21.39926
6258.590  21.4266
6259.842  21.4952
6261.095  21.57373
6262.347  21.67753
6263.600  21.76927
6264.852  21.83024
6266.105  21.88542
6267.357  21.95185
6268.610  22.02248
6269.862  22.07058
6271.115  22.11339
6272.367  22.11816
6273.620  22.09326
6274.873  22.09138
6276.125  22.09089
6277.378  22.10829
6278.630  22.12893
6279.883  22.10425
6281.135  22.01289
6282.388  21.85472
6283.640  21.71897
6284.893  21.62874
6286.145  21.54739
6287.398  21.53683
6288.650  21.60996
6289.903  21.69764
6291.155  21.69643
6292.408  21.66881
6293.661  21.10512
6294.913  20.73676
6296.166  20.47771
6297.418  20.26871
6298.671  20.14669
6299.923  20.30502
6301.176  20.38974
6302.428  20.53834
6303.681  20.73388
6304.933  20.9743
6306.186  21.22816
6307.438  21.43062
6308.691  21.50315
6309.944  21.68586
6311.196  21.88947
6312.449  22.08591
6313.701  22.21145
6314.954  22.22925
6316.206  22.1794
6317.459  22.11195
6318.711  22.04037
6319.964  21.99032
6321.216  21.97256
6322.469  21.95087
6323.721  21.8896
6324.974  21.80108
6326.226  21.71852
6327.479  21.63568
6328.732  21.58369
6329.984  21.58921
6331.237  21.68263
6332.489  21.80683
6333.742  21.95919
6334.994  22.1248
6336.247  22.24088
6337.499  22.26903
6338.752  22.27373
6340.004  22.27918
6341.257  22.25333
6342.509  22.21413
6343.762  22.16315
6345.014  22.11939
6346.267  22.08878
6347.520  22.06303
6348.772  22.04844
6350.025  22.00503
6351.277  21.96447
6352.530  21.90436
6353.782  21.83212
6355.035  21.75147
6356.287  21.72736
6357.540  21.59999
6358.792  21.47416
6360.045  21.36715
6361.297  21.27507
6362.550  21.22519
6363.803  21.27417
6365.055  21.39927
6366.308  21.56969
6367.560  21.79139
6368.813  22.04675
6370.065  22.24347
6371.318  22.23018
6372.570  22.26691
6373.823  22.26039
6375.075  22.22825
6376.328  22.18
6377.580  22.15158
6378.833  22.1192
6380.085  22.08056
6381.338  22.02601
6382.591  21.98941
6383.843  21.99271
6385.096  22.0026
6386.348  22.02775
6387.601  22.08063
6388.853  22.13912
6390.106  22.19453
6391.358  22.25379
6392.611  22.30234
6393.863  22.33081
6395.116  22.33606
6396.368  22.32767
6397.621  22.32422
6398.874  22.30874
6400.126  22.29675
6401.379  22.28275
6402.631  22.28055
6403.884  22.30546
6405.136  22.32015
6406.389  22.31302
6407.641  22.31481
6408.894  22.31172
6410.146  22.29791
6411.399  22.28321
6412.651  22.26622
6413.904  22.24873
6415.156  22.22965
6416.409  22.21958
6417.662  22.21922
6418.914  22.21046
6420.167  22.21419
6421.419  22.2425
6422.672  22.26012
6423.924  22.2805
6425.177  22.32195
6426.429  22.34162
6427.682  22.32159
6428.934  22.33031
6430.187  22.36537
6431.439  22.39141
6432.692  22.39597
6433.944  22.38766
6435.197  22.3895
6436.450  22.39116
6437.702  22.35901
6438.955  22.35915
6440.207  22.39071
6441.460  22.38371
6442.712  22.35972
6443.965  22.3297
6445.217  22.31277
6446.470  22.30437
6447.722  22.29431
6448.975  22.28661
6450.227  22.27873
6451.480  22.25554
6452.733  22.2245
6453.985  22.22003
6455.238  22.22952
6456.490  22.20112
6457.743  22.15726
6458.995  22.08585
6460.248  21.97607
6461.500  21.86228
6462.753  21.75962
6464.005  21.6778
6465.258  21.60956
6466.510  21.59165
6467.763  21.60419
6469.015  21.63051
6470.268  21.69018
6471.521  21.77414
6472.773  21.86372
6474.026  21.94757
6475.278  22.04114
6476.531  22.11382
6477.783  22.15466
6479.036  22.21454
6480.288  22.26019
6481.541  22.28574
6482.793  22.31734
6484.046  22.34983
6485.298  22.36973
6486.551  22.38256
6487.804  22.39024
6489.056  22.37743
6490.309  22.35674
6491.561  22.22762
6492.814  22.00071
6494.066  21.7695
6495.319  21.5775
6496.571  21.43363
6497.824  21.33778
6499.076  21.34646
6500.329  21.41781
6501.581  21.51598
6502.834  21.63619
6504.086  21.76332
6505.339  21.87869
6506.592  21.97595
6507.844  22.0666
6509.097  22.12196
6510.349  22.18506
6511.602  22.2232
6512.854  22.24877
6514.107  22.27969
6515.359  22.28691
6516.612  22.24421
6517.864  22.20114
6519.117  22.15021
6520.369  22.09082
6521.622  22.05634
6522.874  22.05976
6524.127  22.09735
6525.380  22.09897
6526.632  22.02135
6527.885  21.88699
6529.137  21.73879
6530.390  21.60259
6531.642  21.50181
6532.895  21.48896
6534.147  21.58159
6535.400  21.71857
6536.652  21.85382
6537.905  21.98322
6539.157  22.03974
6540.410  21.98715
6541.663  21.91898
6542.915  21.88798
6544.168  21.89045
6545.420  21.91645
6546.673  21.90355
6547.925  21.81386
6549.178  21.69059
6550.430  21.57326
6551.683  21.46267
6552.935  21.40955
6554.188  21.45644
6555.440  21.52481
6556.693  21.53689
6557.945  21.52313
6559.198  21.48927
6560.451  21.41113
6561.703  21.34871
6562.956  21.37039
6564.208  21.46019
6565.461  21.58477
6566.713  21.72062
6567.966  21.86401
6569.218  21.96587
6570.471  21.95719
6571.723  21.8879
6572.976  21.80759
6574.228  21.70973
6575.481  21.62534
6576.734  21.57091
6577.986  21.6032
6579.239  21.68874
6580.491  21.77999
6581.744  21.90023
6582.996  22.02968
6584.249  22.14505
6585.501  22.21036
6586.754  22.24444
6588.006  22.29657
6589.259  22.30179
6590.511  22.27988
6591.764  22.23992
6593.016  22.19771
6594.269  22.16814
6595.522  22.1325
6596.774  22.09364
6598.027  22.05599
6599.279  22.02234
6600.532  21.9885
6601.784  21.95367
6603.037  21.93407
6604.289  21.96129
6605.542  22.03245
6606.794  22.11352
6608.047  22.21127
6609.299  22.29043
6610.552  22.32908
6611.804  22.37795
6613.057  22.38415
6614.310  22.37898
6615.562  22.38346
6616.815  22.38669
6618.067  22.38001
6619.320  22.37952
6620.572  22.36316
6621.825  22.34552
6623.077  22.31906
6624.330  22.30509
6625.582  22.28672
6626.835  22.27158
6628.087  22.23553
6629.340  22.21427
6630.593  22.19662
6631.845  22.18083
6633.098  22.1794
6634.350  22.18274
6635.603  22.19963
6636.855  22.22236
6638.108  22.24084
6639.360  22.30946
6640.613  22.3592
6641.865  22.35893
6643.118  22.36194
6644.370  22.38207
6645.623  22.38854
6646.875  22.38984
6648.128  22.37438
6649.381  22.37276
6650.633  22.37523
6651.886  22.352
6653.138  22.36094
6654.391  22.36998
6655.643  22.34544
6656.896  22.29941
6658.148  22.28507
6659.401  22.31488
6660.653  22.32187
6661.906  22.30276
6663.158  22.28337
6664.411  22.28201
6665.664  22.27935
6666.916  22.28416
6668.169  22.28655
6669.421  22.28194
6670.674  22.31448
6671.926  22.34076
6673.179  22.33654
6674.431  22.34078
6675.684  22.34946
6676.936  22.345
6678.189  22.34125
6679.441  22.33783
6680.694  22.33703
6681.946  22.36412
6683.199  22.37997
6684.452  22.36929
6685.704  22.37813
6686.957  22.36615
6688.209  22.34704
6689.462  22.37158
6690.714  22.38431
6691.967  22.37191
6693.219  22.3269
6694.472  22.29613
6695.724  22.2949
6696.977  22.27427
6698.229  22.23433
6699.482  22.2235
6700.734  22.23538
6701.987  22.2325
6703.240  22.23073
6704.492  22.22868
6705.745  22.23422
6706.997  22.22725
6708.250  22.2189
6709.502  22.21809
6710.755  22.20744
6712.007  22.17142
6713.260  22.1465
6714.512  22.12992
6715.765  22.12689
6717.017  22.15581
6718.270  22.19473
6719.523  22.24114
6720.775  22.31539
6722.028  22.34856
6723.280  22.34273
6724.533  22.30755
6725.785  22.29093
6727.038  22.2543
6728.290  22.22418
6729.543  22.23007
6730.795  22.22134
6732.048  22.25384
6733.300  22.286
6734.553  22.27565
6735.805  22.29552
6737.058  22.31392
6738.311  22.28759
6739.563  22.26366
6740.816  22.27809
6742.068  22.26855
6743.321  22.26035
6744.573  22.28276
6745.826  22.30462
6747.078  22.31506
6748.331  22.32586
6749.583  22.36926
6750.836  22.36619
6752.088  22.36437
6753.341  22.37351
6754.594  22.36916
6755.846  22.34801
6757.099  22.34235
6758.351  22.37033
6759.604  22.38756
6760.856  22.3832
6762.109  22.38801
6763.361  22.37664
6764.614  22.37401
6765.866  22.37469
6767.119  22.37398
6768.371  22.35099
6769.624  22.32027
6770.876  22.36614
6772.129  22.37173
6773.382  22.34724
6774.634  22.3478
6775.887  22.35552
6777.139  22.38492
6778.392  22.38821
6779.644  22.35392
6780.897  22.33893
6782.149  22.34714
6783.402  22.33294
6784.654  22.30463
6785.907  22.29986
6787.159  22.31033
6788.412  22.30723
6789.664  22.3276
6790.917  22.36298
6792.170  22.3826
6793.422  22.38162
6794.675  22.35736
6795.927  22.33765
6797.180  22.35653
6798.432  22.37229
6799.685  22.37089
6800.937  22.36946
6802.190  22.34908
6803.442  22.35983
6804.695  22.37597
6805.947  22.36443
6807.200  22.36652
6808.453  22.36392
6809.705  22.35587
6810.958  22.36574
6812.210  22.38355
6813.463  22.38521
6814.715  22.37299
6815.968  22.35331
6817.220  22.34011
6818.473  22.33809
6819.725  22.32892
6820.978  22.26059
6822.230  22.08809
6823.483  21.80464
6824.735  21.48455
6825.988  21.20045
6827.241  20.98605
6828.493  20.83795
6829.746  20.74631
6830.998  20.721
6832.251  20.75276
6833.503  20.82128
6834.756  20.94412
6836.008  21.12484
6837.261  21.32675
6838.513  21.51797
6839.766  21.66041
6841.018  21.75927
6842.271  21.8294
6843.524  21.90884
6844.776  22.01981
6846.029  22.12352
6847.281  22.19081
6848.534  22.20832
6849.786  22.21729
6851.039  22.21794
6852.291  22.24859
6853.544  22.26851
6854.796  22.27338
6856.049  22.21509
6857.301  21.98204
6858.554  21.56503
6859.806  21.09431
6861.059  20.73496
6862.312  20.52422
6863.564  20.45095
6864.817  20.39609
6866.069  20.55447
6867.322  20.78608
6868.574  21.1336
