3750.000  23.55344
3751.252  23.52075
3752.505  23.68869
3753.757  23.66828
3755.009  23.51188
3756.262  23.5185
3757.514  23.61246
3758.766  23.66988
3760.018  23.69207
3761.271  23.69243
3762.523  23.74719
3763.775  23.75756
3765.028  23.81158
3766.280  23.93401
3767.532  23.88278
3768.785  23.86985
3770.037  23.86484
3771.289  23.67271
3772.542  23.58157
3773.794  23.61246
3775.046  23.60352
3776.298  23.62132
3777.551  23.52864
3778.803  23.5157
3780.055  23.53723
3781.308  23.49691
3782.560  23.4932
3783.812  23.52288
3785.065  23.6347
3786.317  23.68821
3787.569  23.60836
3788.822  23.53206
3790.074  23.64064
3791.326  23.68738
3792.578  23.56723
3793.831  23.63037
3795.083  23.68596
3796.335  23.64915
3797.588  23.58916
3798.840  23.61292
3800.092  23.72577
3801.345  23.74687
3802.597  23.65019
3803.849  23.67049
3805.102  23.71259
3806.354  23.63396
3807.606  23.62795
3808.858  23.60281
3810.111  23.52242
3811.363  23.43955
3812.615  23.40819
3813.868  23.35884
3815.120  23.30158
3816.372  23.29284
3817.625  23.36291
3818.877  23.43985
3820.129  23.42913
3821.381  23.42925
3822.634  23.44331
3823.886  23.39287
3825.138  23.31754
3826.391  23.25433
3827.643  23.16414
3828.895  23.07906
3830.148  22.98276
3831.400  22.91376
3832.652  22.94283
3833.905  23.0236
3835.157  23.10807
3836.409  23.12086
3837.661  23.17839
3838.914  23.29773
3840.166  23.31799
3841.418  23.32479
3842.671  23.30888
3843.923  23.26021
3845.175  23.24184
3846.428  23.25796
3847.680  23.2823
3848.932  23.34388
3850.185  23.41197
3851.437  23.38855
3852.689  23.39079
3853.941  23.44427
3855.194  23.46778
3856.446  23.5119
3857.698  23.61031
3858.951  23.66581
3860.203  23.64618
3861.455  23.60732
3862.708  23.54733
3863.960  23.52246
3865.212  23.52413
3866.465  23.5657
3867.717  23.58757
3868.969  23.62128
3870.221  23.60229
3871.474  23.61714
3872.726  23.70106
3873.978  23.62051
3875.231  23.55703
3876.483  23.6099
3877.735  23.6979
3878.988  23.8327
3880.240  23.91497
3881.492  23.91045
3882.745  23.86768
3883.997  23.93962
3885.249  23.93306
3886.501  23.94712
3887.754  23.97102
3889.006  23.90974
3890.258  23.85299
3891.511  23.82542
3892.763  23.72618
3894.015  23.59655
3895.268  23.57476
3896.520  23.59864
3897.772  23.56909
3899.025  23.49491
3900.277  23.42963
3901.529  23.36662
3902.781  23.19791
3904.034  23.0528
3905.286  22.97691
3906.538  22.90359
3907.791  22.80219
3909.043  22.74895
3910.295  22.77383
3911.548  22.79819
3912.800  22.80961
3914.052  22.88757
3915.305  22.9797
3916.557  23.03316
3917.809  23.15378
3919.061  23.24899
3920.314  23.25222
3921.566  23.29215
3922.818  23.40149
3924.071  23.46673
3925.323  23.48101
3926.575  23.52046
3927.828  23.6209
3929.080  23.69198
3930.332  23.67577
3931.585  23.7568
3932.837  23.80993
3934.089  23.76905
3935.341  23.68898
3936.594  23.61697
3937.846  23.50278
3939.098  23.38018
3940.351  23.23534
3941.603  23.11408
3942.855  23.11143
3944.108  23.16589
3945.360  23.13298
3946.612  23.11496
3947.865  23.15965
3949.117  23.19661
3950.369  23.23836
3951.621  23.2421
3952.874  23.24273
3954.126  23.3046
3955.378  23.32191
3956.631  23.32052
3957.883  23.34507
3959.135  23.37366
3960.388  23.38197
3961.640  23.44106
3962.892  23.54118
3964.144  23.77426
3965.397  23.943
3966.649  23.89909
3967.901  23.93327
3969.154  24.06256
3970.406  23.93798
3971.658  23.69813
3972.911  23.60539
3974.163  23.49591
3975.415  23.30314
3976.668  23.22373
3977.920  23.21808
3979.172  23.18212
3980.424  23.14852
3981.677  23.14706
3982.929  23.18066
3984.181  23.18433
3985.434  23.1759
3986.686  23.17347
3987.938  23.16784
3989.191  23.16926
3990.443  23.1524
3991.695  23.13733
3992.948  23.1349
3994.200  23.1499
3995.452  23.15099
3996.704  23.10796
3997.957  23.08022
3999.209  23.11083
4000.461  23.13501
4001.714  23.09447
4002.966  23.06925
4004.218  23.05976
4005.471  23.03846
4006.723  22.97844
4007.975  22.876
4009.228  22.82379
4010.480  22.80907
4011.732  22.79417
4012.984  22.81316
4014.237  22.83759
4015.489  22.81783
4016.741  22.8142
4017.994  22.7688
4019.246  22.70691
4020.498  22.68975
4021.751  22.66367
4023.003  22.66905
4024.255  22.74876
4025.508  22.80537
4026.760  22.83126
4028.012  22.8678
4029.264  22.89205
4030.517  22.90753
4031.769  22.92389
4033.021  22.93911
4034.274  22.93448
4035.526  22.9004
4036.778  22.86955
4038.031  22.81055
4039.283  22.72861
4040.535  22.6335
4041.788  22.514
4043.040  22.35592
4044.292  22.16911
4045.544  22.06631
4046.797  22.05266
4048.049  22.08928
4049.301  22.21091
4050.554  22.39029
4051.806  22.53029
4053.058  22.64491
4054.311  22.74459
4055.563  22.78149
4056.815  22.79211
4058.068  22.79225
4059.320  22.78703
4060.572  22.75014
4061.824  22.69554
4063.077  22.6637
4064.329  22.64675
4065.581  22.61284
4066.834  22.5915
4068.086  22.63149
4069.338  22.6712
4070.591  22.67142
4071.843  22.68397
4073.095  22.68325
4074.348  22.64269
4075.600  22.62205
4076.852  22.617
4078.104  22.562
4079.357  22.53594
4080.609  22.57062
4081.861  22.6022
4083.114  22.61911
4084.366  22.63742
4085.618  22.66485
4086.871  22.71605
4088.123  22.76726
4089.375  22.77974
4090.628  22.77953
4091.880  22.81905
4093.132  22.88129
4094.384  22.9099
4095.637  22.91847
4096.889  22.92743
4098.141  22.95092
4099.394  22.98837
4100.646  23.0268
4101.898  23.05074
4103.151  23.05814
4104.403  23.02991
4105.655  22.99637
4106.907  22.9928
4108.160  22.98282
4109.412  22.9534
4110.664  22.92156
4111.917  22.92617
4113.169  22.90693
4114.421  22.90653
4115.674  22.91703
4116.926  22.92799
4118.178  22.94603
4119.431  22.91832
4120.683  22.84602
4121.935  22.83492
4123.187  22.81505
4124.440  22.79298
4125.692  22.79312
4126.944  22.77726
4128.197  22.77585
4129.449  22.77363
4130.701  22.75259
4131.954  22.73209
4133.206  22.71669
4134.458  22.71381
4135.711  22.70691
4136.963  22.70117
4138.215  22.71444
4139.467  22.71524
4140.720  22.74254
4141.972  22.79623
4143.224  22.83863
4144.477  22.85534
4145.729  22.86991
4146.981  22.88133
4148.234  22.8604
4149.486  22.82745
4150.738  22.7953
4151.991  22.7406
4153.243  22.69427
4154.495  22.67057
4155.747  22.66891
4157.000  22.66438
4158.252  22.62892
4159.504  22.58739
4160.757  22.54964
4162.009  22.50528
4163.261  22.47042
4164.514  22.45077
4165.766  22.43141
4167.018  22.41206
4168.271  22.41618
4169.523  22.4516
4170.775  22.4844
4172.027  22.51643
4173.280  22.55851
4174.532  22.58549
4175.784  22.59462
4177.037  22.61009
4178.289  22.63063
4179.541  22.6403
4180.794  22.65498
4182.046  22.69362
4183.298  22.74373
4184.551  22.77184
4185.803  22.77948
4187.055  22.77844
4188.307  22.75754
4189.560  22.7607
4190.812  22.77555
4192.064  22.77096
4193.317  22.76524
4194.569  22.77938
4195.821  22.83641
4197.074  22.8966
4198.326  22.92094
4199.578  22.90638
4200.831  22.89499
4202.083  22.8864
4203.335  22.84372
4204.587  22.82026
4205.840  22.81634
4207.092  22.7712
4208.344  22.734
4209.597  22.73292
4210.849  22.74155
4212.101  22.75745
4213.354  22.76769
4214.606  22.77706
4215.858  22.78563
4217.111  22.80545
4218.363  22.83679
4219.615  22.84493
4220.867  22.88169
4222.120  22.87996
4223.372  22.89655
4224.624  22.93164
4225.877  22.91212
4227.129  22.90297
4228.381  22.88876
4229.634  22.8567
4230.886  22.83136
4232.138  22.78853
4233.390  22.7683
4234.643  22.79017
4235.895  22.8181
4237.147  22.82984
4238.400  22.8223
4239.652  22.82472
4240.904  22.81219
4242.157  22.77307
4243.409  22.70847
4244.661  22.63268
4245.914  22.6033
4247.166  22.58641
4248.418  22.56648
4249.670  22.59648
4250.923  22.64936
4252.175  22.66314
4253.427  22.67558
4254.680  22.6718
4255.932  22.6823
4257.184  22.71492
4258.437  22.72803
4259.689  22.73984
4260.941  22.76202
4262.194  22.76334
4263.446  22.72653
4264.698  22.70592
4265.950  22.71585
4267.203  22.71345
4268.455  22.73561
4269.707  22.76588
4270.960  22.78419
4272.212  22.78101
4273.464  22.76573
4274.717  22.76996
4275.969  22.75767
4277.221  22.72629
4278.474  22.7127
4279.726  22.70322
4280.978  22.69947
4282.230  22.71984
4283.483  22.74367
4284.735  22.75263
4285.987  22.76458
4287.240  22.79422
4288.492  22.82019
4289.744  22.80075
4290.997  22.77422
4292.249  22.73806
4293.501  22.70934
4294.754  22.73553
4296.006  22.75726
4297.258  22.76987
4298.510  22.79059
4299.763  22.81949
4301.015  22.85579
4302.267  22.87532
4303.520  22.86844
4304.772  22.84651
4306.024  22.83005
4307.277  22.80835
4308.529  22.77741
4309.781  22.74569
4311.034  22.69592
4312.286  22.60241
4313.538  22.5246
4314.790  22.4876
4316.043  22.47167
4317.295  22.47052
4318.547  22.4823
4319.800  22.49583
4321.052  22.52369
4322.304  22.56139
4323.557  22.61031
4324.809  22.63683
4326.061  22.65171
4327.314  22.65747
4328.566  22.65754
4329.818  22.66272
4331.070  22.67906
4332.323  22.68037
4333.575  22.67981
4334.827  22.69508
4336.080  22.69276
4337.332  22.70595
4338.584  22.74158
4339.837  22.71691
4341.089  22.67479
4342.341  22.65209
4343.594  22.61859
4344.846  22.57765
4346.098  22.54837
4347.350  22.52856
4348.603  22.52938
4349.855  22.53805
4351.107  22.49589
4352.360  22.39038
4353.612  22.14195
4354.864  21.74974
4356.117  21.40588
4357.369  21.23082
4358.621  21.18491
4359.874  21.2591
4361.126  21.47084
4362.378  21.81214
4363.630  22.15569
4364.883  22.36992
4366.135  22.46671
4367.387  22.50614
4368.640  22.52068
4369.892  22.51631
4371.144  22.49232
4372.397  22.48009
4373.649  22.47077
4374.901  22.45467
4376.153  22.4491
4377.406  22.47425
4378.658  22.49968
4379.910  22.51886
4381.163  22.57746
4382.415  22.62546
4383.667  22.63277
4384.920  22.6402
4386.172  22.64673
4387.424  22.64777
4388.677  22.63184
4389.929  22.61607
4391.181  22.5996
4392.433  22.57724
4393.686  22.57091
4394.938  22.56773
4396.190  22.55226
4397.443  22.5374
4398.695  22.51146
4399.947  22.47365
4401.200  22.45482
4402.452  22.43633
4403.704  22.41245
4404.957  22.38581
4406.209  22.36567
4407.461  22.35747
4408.713  22.33188
4409.966  22.29935
4411.218  22.29967
4412.470  22.30397
4413.723  22.2951
4414.975  22.30648
4416.227  22.31087
4417.480  22.29884
4418.732  22.31324
4419.984  22.33261
4421.237  22.35911
4422.489  22.36875
4423.741  22.35583
4424.993  22.37304
4426.246  22.39037
4427.498  22.39305
4428.750  22.41801
4430.003  22.42448
4431.255  22.42649
4432.507  22.4641
4433.760  22.47479
4435.012  22.46766
4436.264  22.4426
4437.517  22.41846
4438.769  22.42447
4440.021  22.43361
4441.273  22.43927
4442.526  22.46362
4443.778  22.49236
4445.030  22.46286
4446.283  22.45718
4447.535  22.46148
4448.787  22.4583
4450.040  22.49543
4451.292  22.52493
4452.544  22.53794
4453.797  22.56149
4455.049  22.56576
4456.301  22.56874
4457.553  22.58091
4458.806  22.57355
4460.058  22.58002
4461.310  22.57051
4462.563  22.55636
4463.815  22.55738
4465.067  22.56021
4466.320  22.54563
4467.572  22.54047
4468.824  22.55418
4470.077  22.56263
4471.329  22.5443
4472.581  22.52629
4473.833  22.51333
4475.086  22.49034
4476.338  22.49003
4477.590  22.51159
4478.843  22.52506
4480.095  22.51919
4481.347  22.5012
4482.600  22.50121
4483.852  22.50315
4485.104  22.48892
4486.357  22.47738
4487.609  22.46291
4488.861  22.47532
4490.113  22.46579
4491.366  22.44169
4492.618  22.43114
4493.870  22.43731
4495.123  22.42172
4496.375  22.39192
4497.627  22.39
4498.880  22.40602
4500.132  22.41616
4501.384  22.41788
4502.637  22.41831
4503.889  22.41859
4505.141  22.40038
4506.393  22.39513
4507.646  22.40062
4508.898  22.41281
4510.150  22.42558
4511.403  22.42546
4512.655  22.4454
4513.907  22.45389
4515.160  22.45206
4516.412  22.45188
4517.664  22.44446
4518.916  22.42995
4520.169  22.41501
4521.421  22.42445
4522.673  22.42322
4523.926  22.40762
4525.178  22.40282
4526.430  22.39959
4527.683  22.39852
4528.935  22.38073
4530.187  22.36103
4531.440  22.35593
4532.692  22.34455
4533.944  22.34402
4535.196  22.35331
4536.449  22.35579
4537.701  22.34149
4538.953  22.31818
4540.206  22.30803
4541.458  22.29722
4542.710  22.28609
4543.963  22.28252
4545.215  22.28886
4546.467  22.30921
4547.720  22.33132
4548.972  22.34597
4550.224  22.35861
4551.476  22.37525
4552.729  22.38089
4553.981  22.38694
4555.233  22.38054
4556.486  22.37208
4557.738  22.38581
4558.990  22.3907
4560.243  22.39328
4561.495  22.4066
4562.747  22.40852
4564.000  22.4184
4565.252  22.43219
4566.504  22.42744
4567.756  22.42485
4569.009  22.41368
4570.261  22.3984
4571.513  22.40936
4572.766  22.41063
4574.018  22.40126
4575.270  22.39591
4576.523  22.38032
4577.775  22.36948
4579.027  22.37681
4580.280  22.37556
4581.532  22.37793
4582.784  22.39049
4584.036  22.39602
4585.289  22.39529
4586.541  22.38685
4587.793  22.38455
4589.046  22.39923
4590.298  22.4012
4591.550  22.41354
4592.803  22.44449
4594.055  22.43998
4595.307  22.41677
4596.560  22.42569
4597.812  22.43667
4599.064  22.44669
4600.316  22.4627
4601.569  22.46873
4602.821  22.46966
4604.073  22.45216
4605.326  22.42579
4606.578  22.42281
4607.830  22.41531
4609.083  22.39874
4610.335  22.39175
4611.587  22.39261
4612.840  22.41
4614.092  22.4337
4615.344  22.43636
4616.596  22.42759
4617.849  22.42517
4619.101  22.42382
4620.353  22.42075
4621.606  22.41701
4622.858  22.40854
4624.110  22.40054
4625.363  22.39972
4626.615  22.39919
4627.867  22.40399
4629.120  22.42229
4630.372  22.43074
4631.624  22.42655
4632.876  22.43049
4634.129  22.42765
4635.381  22.43426
4636.633  22.45108
4637.886  22.4398
4639.138  22.43022
4640.390  22.4397
4641.643  22.45125
4642.895  22.46472
4644.147  22.46581
4645.399  22.46024
4646.652  22.47423
4647.904  22.47277
4649.156  22.45286
4650.409  22.42297
4651.661  22.40366
4652.913  22.39021
4654.166  22.35966
4655.418  22.32371
4656.670  22.28731
4657.923  22.25132
4659.175  22.22359
4660.427  22.19691
4661.679  22.18865
4662.932  22.19684
4664.184  22.18273
4665.436  22.18076
4666.689  22.18454
4667.941  22.17381
4669.193  22.17362
4670.446  22.15365
4671.698  22.13779
4672.950  22.13737
4674.203  22.14406
4675.455  22.16461
4676.707  22.18867
4677.959  22.20885
4679.212  22.22251
4680.464  22.23969
4681.716  22.24366
4682.969  22.25594
4684.221  22.26162
4685.473  22.26503
4686.726  22.27697
4687.978  22.27715
4689.230  22.29336
4690.483  22.3058
4691.735  22.29882
4692.987  22.30849
4694.239  22.33038
4695.492  22.3373
4696.744  22.32761
4697.996  22.33932
4699.249  22.3723
4700.501  22.37169
4701.753  22.36995
4703.006  22.35792
4704.258  22.35057
4705.510  22.33231
4706.763  22.31489
4708.015  22.30387
4709.267  22.27654
4710.519  22.26969
4711.772  22.29416
4713.024  22.29975
4714.276  22.28885
4715.529  22.28952
4716.781  22.2956
4718.033  22.2978
4719.286  22.31095
4720.538  22.31211
4721.790  22.30737
4723.043  22.30786
4724.295  22.31057
4725.547  22.28275
4726.799  22.25863
4728.052  22.24548
4729.304  22.24561
4730.556  22.23387
4731.809  22.22467
4733.061  22.23056
4734.313  22.21128
4735.566  22.18769
4736.818  22.16799
4738.070  22.15521
4739.323  22.13466
4740.575  22.09838
4741.827  22.07486
4743.079  22.09099
4744.332  22.13571
4745.584  22.17619
4746.836  22.22036
4748.089  22.26675
4749.341  22.28878
4750.593  22.27604
4751.846  22.27734
4753.098  22.28026
4754.350  22.28567
4755.603  22.30839
4756.855  22.33688
4758.107  22.36026
4759.359  22.3799
4760.612  22.40352
4761.864  22.40307
4763.116  22.41337
4764.369  22.43173
4765.621  22.42641
4766.873  22.43033
4768.126  22.42578
4769.378  22.41534
4770.630  22.41715
4771.883  22.40962
4773.135  22.40353
4774.387  22.38412
4775.639  22.3565
4776.892  22.33635
4778.144  22.32393
4779.396  22.32703
4780.649  22.32978
4781.901  22.35166
4783.153  22.36989
4784.406  22.3821
4785.658  22.3922
4786.910  22.39813
4788.162  22.38084
4789.415  22.35027
4790.667  22.33972
4791.919  22.34654
4793.172  22.34959
4794.424  22.34459
4795.676  22.34877
4796.929  22.35175
4798.181  22.35275
4799.433  22.36953
4800.686  22.37337
4801.938  22.35717
4803.190  22.34
4804.442  22.3492
4805.695  22.34586
4806.947  22.3361
4808.199  22.33907
4809.452  22.34124
4810.704  22.32867
4811.956  22.32615
4813.209  22.3069
4814.461  22.27641
4815.713  22.2461
4816.966  22.22211
4818.218  22.20182
4819.470  22.18443
4820.722  22.16747
4821.975  22.16427
4823.227  22.16794
4824.479  22.17559
4825.732  22.17899
4826.984  22.15779
4828.236  22.15477
4829.489  22.15591
4830.741  22.14665
4831.993  22.13785
4833.246  22.13899
4834.498  22.1387
4835.750  22.12574
4837.002  22.12325
4838.255  22.13432
4839.507  22.13587
4840.759  22.13866
4842.012  22.15666
4843.264  22.1666
4844.516  22.17825
4845.769  22.20325
4847.021  22.20648
4848.273  22.2025
4849.526  22.22521
4850.778  22.23455
4852.030  22.25023
4853.282  22.27905
4854.535  22.29305
4855.787  22.32145
4857.039  22.34342
4858.292  22.3342
4859.544  22.31072
4860.796  22.29034
4862.049  22.27811
4863.301  22.273
4864.553  22.27257
4865.806  22.27951
4867.058  22.29272
4868.310  22.28625
4869.562  22.28663
4870.815  22.29888
4872.067  22.29702
4873.319  22.29954
4874.572  22.29343
4875.824  22.26616
4877.076  22.23524
4878.329  22.20662
4879.581  22.1835
4880.833  22.17838
4882.086  22.18934
4883.338  22.18599
4884.590  22.19465
4885.842  22.22062
4887.095  22.2371
4888.347  22.23524
4889.599  22.22528
4890.852  22.22099
4892.104  22.21427
4893.356  22.20807
4894.609  22.20895
4895.861  22.20576
4897.113  22.21545
4898.366  22.23643
4899.618  22.24184
4900.870  22.23887
4902.122  22.23047
4903.375  22.20899
4904.627  22.21135
4905.879  22.21541
4907.132  22.21576
4908.384  22.2318
4909.636  22.22984
4910.889  22.22997
4912.141  22.22836
4913.393  22.22584
4914.646  22.22945
4915.898  22.23707
4917.150  22.24526
4918.402  22.2695
4919.655  22.28732
4920.907  22.28971
4922.159  22.27287
4923.412  22.24469
4924.664  22.23263
4925.916  22.23691
4927.169  22.23388
4928.421  22.24608
4929.673  22.25868
4930.925  22.2616
4932.178  22.25448
4933.430  22.24557
4934.682  22.23964
4935.935  22.23159
4937.187  22.2179
4938.439  22.20814
4939.692  22.2157
4940.944  22.22478
4942.196  22.22809
4943.449  22.22375
4944.701  22.23395
4945.953  22.23553
4947.205  22.22961
4948.458  22.2219
4949.710  22.20246
4950.962  22.17933
4952.215  22.16906
4953.467  22.16846
4954.719  22.18696
4955.972  22.19755
4957.224  22.20592
4958.476  22.21598
4959.729  22.20575
4960.981  22.18538
4962.233  22.16215
4963.485  22.14633
4964.738  22.12602
4965.990  22.10339
4967.242  22.08622
4968.495  22.06517
4969.747  22.04418
4970.999  22.01128
4972.252  21.96023
4973.504  21.91972
4974.756  21.88145
4976.009  21.83902
4977.261  21.78583
4978.513  21.73896
4979.765  21.70635
4981.018  21.67593
4982.270  21.65388
4983.522  21.65793
4984.775  21.66839
4986.027  21.69291
4987.279  21.73908
4988.532  21.77231
4989.784  21.80688
4991.036  21.85038
4992.289  21.88968
4993.541  21.92895
4994.793  21.97158
4996.045  22.01097
4997.298  22.04659
4998.550  22.08135
4999.802  22.10876
5001.055  22.12141
5002.307  22.13972
5003.559  22.15731
5004.812  22.15769
5006.064  22.15871
5007.316  22.16771
5008.569  22.17602
5009.821  22.19229
5011.073  22.2192
5012.325  22.23146
5013.578  22.23695
5014.830  22.23534
5016.082  22.23017
5017.335  22.22179
5018.587  22.21411
5019.839  22.21949
5021.092  22.22693
5022.344  22.22803
5023.596  22.24251
5024.849  22.26324
5026.101  22.26847
5027.353  22.25697
5028.605  22.23286
5029.858  22.22009
5031.110  22.20618
5032.362  22.20743
5033.615  22.23415
5034.867  22.25333
5036.119  22.27293
5037.372  22.30051
5038.624  22.3065
5039.876  22.3148
5041.129  22.31768
5042.381  22.30532
5043.633  22.28622
5044.885  22.2781
5046.138  22.26803
5047.390  22.26862
5048.642  22.27674
5049.895  22.29311
5051.147  22.29535
5052.399  22.29454
5053.652  22.28566
5054.904  22.27289
5056.156  22.27073
5057.408  22.26607
5058.661  22.25793
5059.913  22.24656
5061.165  22.22563
5062.418  22.21086
5063.670  22.19842
5064.922  22.19114
5066.175  22.17298
5067.427  22.1362
5068.679  22.11685
5069.932  22.12564
5071.184  22.14336
5072.436  22.16095
5073.688  22.17575
5074.941  22.19589
5076.193  22.21158
5077.445  22.18681
5078.698  22.12297
5079.950  22.04561
5081.202  21.95194
5082.455  21.86372
5083.707  21.80346
5084.959  21.77706
5086.212  21.8001
5087.464  21.85887
5088.716  21.92283
5089.968  22.01337
5091.221  22.09065
5092.473  22.13758
5093.725  22.16819
5094.978  22.15618
5096.230  22.13065
5097.482  22.11357
5098.735  22.09626
5099.987  22.09244
5101.239  22.11142
5102.492  22.1478
5103.744  22.18996
5104.996  22.22379
5106.248  22.2486
5107.501  22.25706
5108.753  22.26141
5110.005  22.26073
5111.258  22.24455
5112.510  22.22451
5113.762  22.20651
5115.015  22.19576
5116.267  22.19157
5117.519  22.19635
5118.772  22.21535
5120.024  22.23236
5121.276  22.26081
5122.528  22.27488
5123.781  22.29075
5125.033  22.30575
5126.285  22.29667
5127.538  22.28271
5128.790  22.2736
5130.042  22.24929
5131.295  22.21704
5132.547  22.19832
5133.799  22.18533
5135.052  22.17954
5136.304  22.17955
5137.556  22.18159
5138.808  22.18438
5140.061  22.18785
5141.313  22.18149
5142.565  22.17206
5143.818  22.16238
5145.070  22.13291
5146.322  22.11776
5147.575  22.09343
5148.827  22.05104
5150.079  22.00957
5151.332  21.97082
5152.584  21.94683
5153.836  21.93995
5155.088  21.94968
5156.341  21.987
5157.593  22.03285
5158.845  22.07398
5160.098  22.11354
5161.350  22.14596
5162.602  22.17413
5163.855  22.21766
5165.107  22.25269
5166.359  22.28033
5167.612  22.30672
5168.864  22.32927
5170.116  22.34293
5171.368  22.34631
5172.621  22.34027
5173.873  22.32651
5175.125  22.28129
5176.378  22.24076
5177.630  22.22112
5178.882  22.22949
5180.135  22.25114
5181.387  22.27779
5182.639  22.30637
5183.892  22.31708
5185.144  22.29235
5186.396  22.23673
5187.648  22.18466
5188.901  22.15931
5190.153  22.16985
5191.405  22.19038
5192.658  22.20145
5193.910  22.16974
5195.162  22.10556
5196.415  22.04132
5197.667  21.97275
5198.919  21.92989
5200.171  21.91531
5201.424  21.94714
5202.676  22.01389
5203.928  22.08165
5205.181  22.12958
5206.433  22.15254
5207.685  22.16597
5208.938  22.16653
5210.190  22.15006
5211.442  22.14278
5212.695  22.15395
5213.947  22.16521
5215.199  22.16555
5216.451  22.14706
5217.704  22.1279
5218.956  22.0995
5220.208  22.06998
5221.461  22.05197
5222.713  22.06145
5223.965  22.09529
5225.218  22.12692
5226.470  22.14958
5227.722  22.17682
5228.975  22.18673
5230.227  22.17797
5231.479  22.16731
5232.731  22.16696
5233.984  22.15271
5235.236  22.12122
5236.488  22.08706
5237.741  22.06338
5238.993  22.05524
5240.245  22.06092
5241.498  22.08744
5242.750  22.1277
5244.002  22.17319
5245.255  22.19261
5246.507  22.18558
5247.759  22.18657
5249.011  22.18179
5250.264  22.16934
5251.516  22.15717
5252.768  22.12957
5254.021  22.08629
5255.273  22.05613
5256.525  22.04229
5257.778  22.04293
5259.030  22.07756
5260.282  22.1187
5261.535  22.16607
5262.787  22.23488
5264.039  22.28092
5265.291  22.29981
5266.544  22.30602
5267.796  22.29601
5269.048  22.28186
5270.301  22.25437
5271.553  22.22788
5272.805  22.18803
5274.058  22.14555
5275.310  22.12376
5276.562  22.12017
5277.815  22.13409
5279.067  22.15105
5280.319  22.17179
5281.571  22.18151
5282.824  22.17987
5284.076  22.15876
5285.328  22.1493
5286.581  22.1398
5287.833  22.14125
5289.085  22.13769
5290.338  22.1342
5291.590  22.14187
5292.842  22.14247
5294.095  22.13394
5295.347  22.13263
5296.599  22.12727
5297.851  22.11483
5299.104  22.10153
5300.356  22.09914
5301.608  22.09673
5302.861  22.09542
5304.113  22.10075
5305.365  22.09217
5306.618  22.08895
5307.870  22.08842
5309.122  22.07415
5310.375  22.06165
5311.627  22.05302
5312.879  22.04947
5314.131  22.06105
5315.384  22.07051
5316.636  22.07531
5317.888  22.08293
5319.141  22.08028
5320.393  22.0736
5321.645  22.07107
5322.898  22.06922
5324.150  22.06661
5325.402  22.07146
5326.655  22.07522
5327.907  22.07402
5329.159  22.0566
5330.411  22.04215
5331.664  22.03922
5332.916  22.02736
5334.168  22.01742
5335.421  22.02262
5336.673  22.0251
5337.925  22.03483
5339.178  22.02623
5340.430  22.01617
5341.682  22.00632
5342.934  22.00594
5344.187  22.0047
5345.439  21.98328
5346.691  21.96445
5347.944  21.95279
5349.196  21.94262
5350.448  21.93005
5351.701  21.92193
5352.953  21.92591
5354.205  21.9223
5355.458  21.91576
5356.710  21.91666
5357.962  21.93843
5359.214  21.97839
5360.467  22.01825
5361.719  22.05297
5362.971  22.08126
5364.224  22.08876
5365.476  22.08502
5366.728  22.07937
5367.981  22.06867
5369.233  22.06014
5370.485  22.05874
5371.738  22.04242
5372.990  22.00865
5374.242  21.97435
5375.494  21.96413
5376.747  21.96694
5377.999  21.97264
5379.251  21.99868
5380.504  22.02536
5381.756  22.03493
5383.008  22.03114
5384.261  22.02608
5385.513  22.02022
5386.765  22.01281
5388.018  22.00251
5389.270  21.97988
5390.522  21.95835
5391.774  21.9564
5393.027  21.95209
5394.279  21.95567
5395.531  21.98541
5396.784  22.00879
5398.036  22.01195
5399.288  21.99892
5400.541  21.99215
5401.793  21.99565
5403.045  21.99451
5404.298  21.98934
5405.550  21.97911
5406.802  21.97782
5408.054  21.9698
5409.307  21.93961
5410.559  21.90691
5411.811  21.88073
5413.064  21.85959
5414.316  21.82433
5415.568  21.79055
5416.821  21.7799
5418.073  21.77245
5419.325  21.77418
5420.578  21.78414
5421.830  21.7867
5423.082  21.79237
5424.334  21.81088
5425.587  21.81991
5426.839  21.81184
5428.091  21.81093
5429.344  21.82073
5430.596  21.82665
5431.848  21.82541
5433.101  21.82434
5434.353  21.81902
5435.605  21.81028
5436.858  21.79841
5438.110  21.78562
5439.362  21.77899
5440.614  21.77281
5441.867  21.75767
5443.119  21.75355
5444.371  21.75364
5445.624  21.74982
5446.876  21.74702
5448.128  21.74192
5449.381  21.73731
5450.633  21.74726
5451.885  21.7488
5453.138  21.72648
5454.390  21.6699
5455.642  21.50156
5456.894  21.19983
5458.147  20.88383
5459.399  20.67524
5460.651  20.59286
5461.904  20.61758
5463.156  20.76073
5464.408  21.01925
5465.661  21.31155
5466.913  21.52977
5468.165  21.63996
5469.417  21.68975
5470.670  21.71888
5471.922  21.74161
5473.174  21.76579
5474.427  21.78316
5475.679  21.79738
5476.931  21.7901
5478.184  21.76344
5479.436  21.73693
5480.688  21.68687
5481.941  21.64735
5483.193  21.63558
5484.445  21.64348
5485.697  21.67494
5486.950  21.72366
5488.202  21.77525
5489.454  21.80639
5490.707  21.81823
5491.959  21.82611
5493.211  21.8285
5494.464  21.81871
5495.716  21.81802
5496.968  21.81444
5498.221  21.80788
5499.473  21.80184
5500.725  21.80326
5501.977  21.80979
5503.230  21.81279
5504.482  21.81258
5505.734  21.82215
5506.987  21.82015
5508.239  21.80297
5509.491  21.80008
5510.744  21.78231
5511.996  21.75401
5513.248  21.73079
5514.501  21.71609
5515.753  21.70887
5517.005  21.71362
5518.257  21.70791
5519.510  21.70071
5520.762  21.70157
5522.014  21.70892
5523.267  21.71999
5524.519  21.74429
5525.771  21.77291
5527.024  21.79496
5528.276  21.80336
5529.528  21.8064
5530.781  21.82763
5532.033  21.83781
5533.285  21.83354
5534.537  21.83922
5535.790  21.83592
5537.042  21.82077
5538.294  21.78214
5539.547  21.74851
5540.799  21.72122
5542.051  21.69921
5543.304  21.68592
5544.556  21.68302
5545.808  21.69344
5547.061  21.71697
5548.313  21.73545
5549.565  21.75236
5550.817  21.75991
5552.070  21.76968
5553.322  21.7859
5554.574  21.78909
5555.827  21.78241
5557.079  21.7782
5558.331  21.77026
5559.584  21.74437
5560.836  21.6927
5562.088  21.64353
5563.341  21.61351
5564.593  21.60722
5565.845  21.61561
5567.097  21.63034
5568.350  21.61272
5569.602  21.49452
5570.854  21.10152
5572.107  20.3103
5573.359  19.40763
5574.611  18.76445
5575.864  18.4322
5577.116  18.3199
5578.368  18.37046
5579.621  18.62621
5580.873  19.16569
5582.125  19.97689
5583.377  20.83298
5584.630  21.38672
5585.882  21.58328
5587.134  21.62271
5588.387  21.62568
5589.639  21.63704
5590.891  21.66124
5592.144  21.68897
5593.396  21.71861
5594.648  21.73871
5595.901  21.74491
5597.153  21.73939
5598.405  21.74084
5599.657  21.7448
5600.910  21.72871
5602.162  21.69078
5603.414  21.64979
5604.667  21.62784
5605.919  21.62601
5607.171  21.65177
5608.424  21.69888
5609.676  21.73164
5610.928  21.74923
5612.180  21.76143
5613.433  21.76816
5614.685  21.76379
5615.937  21.75914
5617.190  21.75984
5618.442  21.74999
5619.694  21.73226
5620.947  21.7095
5622.199  21.68206
5623.451  21.67184
5624.704  21.68394
5625.956  21.70564
5627.208  21.7285
5628.460  21.75153
5629.713  21.7634
5630.965  21.76712
5632.217  21.75946
5633.470  21.75347
5634.722  21.76105
5635.974  21.76066
5637.227  21.75399
5638.479  21.74202
5639.731  21.7264
5640.984  21.71044
5642.236  21.69219
5643.488  21.67461
5644.740  21.66456
5645.993  21.65392
5647.245  21.65664
5648.497  21.66903
5649.750  21.6819
5651.002  21.69421
5652.254  21.70123
5653.507  21.69508
5654.759  21.67623
5656.011  21.65866
5657.264  21.65546
5658.516  21.64536
5659.768  21.62433
5661.020  21.59217
5662.273  21.56026
5663.525  21.5127
5664.777  21.44803
5666.030  21.38778
5667.282  21.3336
5668.534  21.2966
5669.787  21.26062
5671.039  21.22873
5672.291  21.21058
5673.544  21.21743
5674.796  21.24296
5676.048  21.25856
5677.300  21.24713
5678.553  21.1794
5679.805  21.07076
5681.057  20.94352
5682.310  20.8187
5683.562  20.70866
5684.814  20.61523
5686.067  20.55481
5687.319  20.52375
5688.571  20.51884
5689.824  20.55007
5691.076  20.62016
5692.328  20.71453
5693.580  20.82697
5694.833  20.94073
5696.085  21.03217
5697.337  21.09286
5698.590  21.14045
5699.842  21.18743
5701.094  21.23368
5702.347  21.28634
5703.599  21.34662
5704.851  21.39372
5706.104  21.4213
5707.356  21.4225
5708.608  21.4091
5709.860  21.39486
5711.113  21.40107
5712.365  21.41268
5713.617  21.43611
5714.870  21.45201
5716.122  21.47108
5717.374  21.484
5718.627  21.48733
5719.879  21.49832
5721.131  21.50815
5722.384  21.50929
5723.636  21.51653
5724.888  21.53053
5726.140  21.5475
5727.393  21.5659
5728.645  21.58791
5729.897  21.60489
5731.150  21.60922
5732.402  21.60106
5733.654  21.60518
5734.907  21.61541
5736.159  21.61832
5737.411  21.6176
5738.664  21.61651
5739.916  21.61734
5741.168  21.6096
5742.420  21.60958
5743.673  21.61156
5744.925  21.6063
5746.177  21.60905
5747.430  21.61431
5748.682  21.61132
5749.934  21.60619
5751.187  21.60966
5752.439  21.61314
5753.691  21.6077
5754.943  21.59293
5756.196  21.57812
5757.448  21.56608
5758.700  21.55524
5759.953  21.5379
5761.205  21.51752
5762.457  21.48324
5763.710  21.4286
5764.962  21.33465
5766.214  21.22545
5767.467  21.13495
5768.719  21.07951
5769.971  21.08062
5771.223  21.13777
5772.476  21.22713
5773.728  21.33934
5774.980  21.43012
5776.233  21.47717
5777.485  21.50082
5778.737  21.50522
5779.990  21.50537
5781.242  21.50368
5782.494  21.49501
5783.747  21.45513
5784.999  21.38554
5786.251  21.28957
5787.503  21.17854
5788.756  21.0942
5790.008  21.05383
5791.260  21.05505
5792.513  21.10649
5793.765  21.19208
5795.017  21.28066
5796.270  21.34632
5797.522  21.37576
5798.774  21.38446
5800.027  21.37885
5801.279  21.35961
5802.531  21.34134
5803.783  21.33835
5805.036  21.34464
5806.288  21.34921
5807.540  21.3541
5808.793  21.35997
5810.045  21.35842
5811.297  21.34931
5812.550  21.34275
5813.802  21.34454
5815.054  21.34505
5816.307  21.3325
5817.559  21.31164
5818.811  21.2939
5820.063  21.28511
5821.316  21.27937
5822.568  21.2683
5823.820  21.2573
5825.073  21.25446
5826.325  21.24619
5827.577  21.24023
5828.830  21.23387
5830.082  21.22014
5831.334  21.20678
5832.587  21.19764
5833.839  21.19099
5835.091  21.18246
5836.343  21.17352
5837.596  21.16226
5838.848  21.15566
5840.100  21.1438
5841.353  21.13527
5842.605  21.13091
5843.857  21.11898
5845.110  21.11143
5846.362  21.10566
5847.614  21.09771
5848.867  21.09667
5850.119  21.08448
5851.371  21.07363
5852.623  21.0676
5853.876  21.06125
5855.128  21.05158
5856.380  21.04143
5857.633  21.03944
5858.885  21.03301
5860.137  21.01107
5861.390  20.97319
5862.642  20.90813
5863.894  20.83258
5865.147  20.7775
5866.399  20.74232
5867.651  20.73825
5868.903  20.76763
5870.156  20.82541
5871.408  20.88514
5872.660  20.93052
5873.913  20.96525
5875.165  21.00811
5876.417  21.05254
5877.670  21.09184
5878.922  21.13215
5880.174  21.14944
5881.426  21.13884
5882.679  21.06386
5883.931  20.82997
5885.183  20.40625
5886.436  19.93211
5887.688  19.59318
5888.940  19.43451
5890.193  19.38335
5891.445  19.38967
5892.697  19.45223
5893.950  19.55197
5895.202  19.64816
5896.454  19.73982
5897.706  19.90538
5898.959  20.21673
5900.211  20.59399
5901.463  20.87593
5902.716  20.99126
5903.968  21.00586
5905.220  20.99714
5906.473  20.99274
5907.725  21.00328
5908.977  21.01233
5910.230  20.98749
5911.482  20.93694
5912.734  20.86982
5913.986  20.81229
5915.239  20.78617
5916.491  20.79917
5917.743  20.84373
5918.996  20.89721
5920.248  20.91884
5921.500  20.90168
5922.753  20.8737
5924.005  20.85044
5925.257  20.83347
5926.510  20.82558
5927.762  20.81056
5929.014  20.76624
5930.266  20.71487
5931.519  20.67822
5932.771  20.6644
5934.023  20.68214
5935.276  20.7357
5936.528  20.80779
5937.780  20.87258
5939.033  20.91175
5940.285  20.92494
5941.537  20.92439
5942.790  20.91452
5944.042  20.89573
5945.294  20.88364
5946.546  20.88586
5947.799  20.88499
5949.051  20.86318
5950.303  20.82209
5951.556  20.78063
5952.808  20.75887
5954.060  20.76459
5955.313  20.80669
5956.565  20.86763
5957.817  20.91941
5959.070  20.95435
5960.322  20.96549
5961.574  20.96624
5962.826  20.97064
5964.079  20.97642
5965.331  20.98049
5966.583  20.97585
5967.836  20.95929
5969.088  20.94458
5970.340  20.94048
5971.593  20.93665
5972.845  20.92662
5974.097  20.9121
5975.350  20.8993
5976.602  20.89663
5977.854  20.9085
5979.106  20.93937
5980.359  20.98118
5981.611  21.01316
5982.863  21.0292
5984.116  21.03887
5985.368  21.04826
5986.620  21.05007
5987.873  21.05162
5989.125  21.05558
5990.377  21.05829
5991.630  21.06719
5992.882  21.06837
5994.134  21.05855
5995.386  21.05473
5996.639  21.05606
5997.891  21.05579
5999.143  21.05422
6000.396  21.05561
6001.648  21.05402
6002.900  21.04956
6004.153  21.05544
6005.405  21.07803
6006.657  21.10405
6007.910  21.13076
6009.162  21.14947
6010.414  21.1618
6011.666  21.17092
6012.919  21.1699
6014.171  21.18184
6015.423  21.19772
6016.676  21.20652
6017.928  21.214
6019.180  21.22282
6020.433  21.2239
6021.685  21.22157
6022.937  21.21604
6024.189  21.20959
6025.442  21.21029
6026.694  21.20752
6027.946  21.20622
6029.199  21.20319
6030.451  21.20246
6031.703  21.20337
6032.956  21.20228
6034.208  21.19942
6035.460  21.2132
6036.713  21.2384
6037.965  21.25269
6039.217  21.26254
6040.469  21.26588
6041.722  21.27574
6042.974  21.28983
6044.226  21.29579
6045.479  21.30125
6046.731  21.29709
6047.983  21.30541
6049.236  21.31227
6050.488  21.3176
6051.740  21.31735
6052.993  21.31885
6054.245  21.32587
6055.497  21.32899
6056.749  21.32919
6058.002  21.31784
6059.254  21.31526
6060.506  21.31964
6061.759  21.31987
6063.011  21.32439
6064.263  21.32257
6065.516  21.32766
6066.768  21.33232
6068.020  21.33362
6069.273  21.33615
6070.525  21.34155
6071.777  21.35127
6073.029  21.3616
6074.282  21.3657
6075.534  21.36689
6076.786  21.37206
6078.039  21.37534
6079.291  21.38416
6080.543  21.39314
6081.796  21.38932
6083.048  21.38811
6084.300  21.38553
6085.553  21.38409
6086.805  21.38563
6088.057  21.38601
6089.309  21.37983
6090.562  21.37209
6091.814  21.36615
6093.066  21.35349
6094.319  21.333
6095.571  21.31356
6096.823  21.30912
6098.076  21.30065
6099.328  21.28713
6100.580  21.27911
6101.833  21.26626
6103.085  21.24187
6104.337  21.21223
6105.589  21.18022
6106.842  21.1423
6108.094  21.09726
6109.346  21.04786
6110.599  20.99805
6111.851  20.95954
6113.103  20.95189
6114.356  20.97716
6115.608  21.01682
6116.860  21.06926
6118.113  21.13192
6119.365  21.18512
6120.617  21.22892
6121.869  21.26598
6123.122  21.29284
6124.374  21.30825
6125.626  21.3147
6126.879  21.32107
6128.131  21.32802
6129.383  21.33732
6130.636  21.34744
6131.888  21.34614
6133.140  21.33599
6134.393  21.31881
6135.645  21.29851
6136.897  21.27583
6138.149  21.25551
6139.402  21.23478
6140.654  21.21836
6141.906  21.21018
6143.159  21.20811
6144.411  21.21793
6145.663  21.24767
6146.916  21.28241
6148.168  21.3013
6149.420  21.28539
6150.673  21.24457
6151.925  21.19458
6153.177  21.15124
6154.429  21.12954
6155.682  21.11792
6156.934  21.09874
6158.186  21.07613
6159.439  21.05595
6160.691  21.04502
6161.943  21.06685
6163.196  21.13464
6164.448  21.22386
6165.700  21.29496
6166.952  21.30253
6168.205  21.28196
6169.457  21.26939
6170.709  21.2631
6171.962  21.27197
6173.214  21.31329
6174.466  21.36882
6175.719  21.4052
6176.971  21.42284
6178.223  21.43858
6179.476  21.46198
6180.728  21.46867
6181.980  21.46137
6183.232  21.45382
6184.485  21.46004
6185.737  21.46555
6186.989  21.47506
6188.242  21.47602
6189.494  21.46177
6190.746  21.44928
6191.999  21.44262
6193.251  21.45498
6194.503  21.46132
6195.756  21.46793
6197.008  21.47511
6198.260  21.44203
6199.512  21.39329
6200.765  21.35241
6202.017  21.33516
6203.269  21.34114
6204.522  21.36622
6205.774  21.39854
6207.026  21.41815
6208.279  21.41442
6209.531  21.40124
6210.783  21.3855
6212.036  21.38516
6213.288  21.41219
6214.540  21.44793
6215.792  21.47306
6217.045  21.46252
6218.297  21.41358
6219.549  21.36407
6220.802  21.33262
6222.054  21.33631
6223.306  21.37107
6224.559  21.42673
6225.811  21.48856
6227.063  21.52371
6228.316  21.50583
6229.568  21.42157
6230.820  21.26842
6232.072  21.07887
6233.325  20.90551
6234.577  20.79367
6235.829  20.75167
6237.082  20.77401
6238.334  20.85282
6239.586  20.95688
6240.839  21.05176
6242.091  21.13722
6243.343  21.21465
6244.596  21.28272
6245.848  21.34804
6247.100  21.40834
6248.352  21.44658
6249.605  21.47039
6250.857  21.48024
6252.109  21.42232
6253.362  21.26296
6254.614  21.05993
6255.866  20.90031
6257.119  20.81853
6258.371  20.80656
6259.623  20.86551
6260.876  20.98084
6262.128  21.09021
6263.380  21.14886
6264.632  21.1732
6265.885  21.19804
6267.137  21.24508
6268.389  21.3194
6269.642  21.38512
6270.894  21.41398
6272.146  21.41659
6273.399  21.41161
6274.651  21.40352
6275.903  21.40983
6277.156  21.43741
6278.408  21.46403
6279.660  21.50228
6280.912  21.50614
6282.165  21.41449
6283.417  21.25201
6284.669  21.08943
6285.922  20.98063
6287.174  20.9421
6288.426  20.98065
6289.679  21.09665
6290.931  21.24279
6292.183  21.32483
6293.436  21.22858
6294.688  20.87891
6295.940  20.3566
6297.192  19.90461
6298.445  19.64908
6299.697  19.56083
6300.949  19.59972
6302.202  19.76527
6303.454  20.05961
6304.706  20.38586
6305.959  20.61881
6307.211  20.74355
6308.463  20.86465
6309.715  21.05524
6310.968  21.26548
6312.220  21.41327
6313.472  21.48624
6314.725  21.51407
6315.977  21.49306
6317.229  21.43951
6318.482  21.36686
6319.734  21.3105
6320.986  21.28628
6322.239  21.29061
6323.491  21.31959
6324.743  21.29599
6325.995  21.18824
6327.248  21.05604
6328.500  20.97103
6329.752  20.95717
6331.005  21.0098
6332.257  21.13871
6333.509  21.30078
6334.762  21.43184
6336.014  21.50025
6337.266  21.52351
6338.519  21.5293
6339.771  21.52475
6341.023  21.51426
6342.275  21.49514
6343.528  21.47454
6344.780  21.43204
6346.032  21.391
6347.285  21.36631
6348.537  21.35185
6349.789  21.36344
6351.042  21.36203
6352.294  21.31231
6353.546  21.2359
6354.799  21.16646
6356.051  21.13026
6357.303  21.10046
6358.555  21.0105
6359.808  20.81756
6361.060  20.60133
6362.312  20.46289
6363.565  20.426
6364.817  20.4967
6366.069  20.70082
6367.322  21.01701
6368.574  21.30969
6369.826  21.47454
6371.079  21.53521
6372.331  21.54587
6373.583  21.53962
6374.835  21.50759
6376.088  21.47248
6377.340  21.43766
6378.592  21.40561
6379.845  21.39547
6381.097  21.39019
6382.349  21.37123
6383.602  21.33936
6384.854  21.32145
6386.106  21.32218
6387.359  21.34702
6388.611  21.40689
6389.863  21.47779
6391.115  21.53464
6392.368  21.56105
6393.620  21.56964
6394.872  21.58325
6396.125  21.58453
6397.377  21.56493
6398.629  21.53599
6399.882  21.50385
6401.134  21.4884
6402.386  21.49019
6403.639  21.5055
6404.891  21.53864
6406.143  21.56973
6407.395  21.59641
6408.648  21.59468
6409.900  21.56102
6411.152  21.53237
6412.405  21.51333
6413.657  21.50111
6414.909  21.50154
6416.162  21.51558
6417.414  21.52282
6418.666  21.51709
6419.919  21.50972
6421.171  21.51804
6422.423  21.53902
6423.675  21.56549
6424.928  21.59212
6426.180  21.60848
6427.432  21.61537
6428.685  21.6114
6429.937  21.62644
6431.189  21.63508
6432.442  21.62984
6433.694  21.62725
6434.946  21.62819
6436.198  21.63516
6437.451  21.63361
6438.703  21.62283
6439.955  21.63427
6441.208  21.6406
6442.460  21.63228
6443.712  21.63001
6444.965  21.61506
6446.217  21.59935
6447.469  21.59685
6448.722  21.57859
6449.974  21.55397
6451.226  21.54067
6452.478  21.54563
6453.731  21.53885
6454.983  21.53881
6456.235  21.52669
6457.488  21.51376
6458.740  21.48586
6459.992  21.42404
6461.245  21.33286
6462.497  21.21943
6463.749  21.12965
6465.002  21.0754
6466.254  21.05158
6467.506  21.04942
6468.758  21.06791
6470.011  21.11525
6471.263  21.17385
6472.515  21.25263
6473.768  21.35038
6475.020  21.44136
6476.272  21.49169
6477.525  21.50209
6478.777  21.51419
6480.029  21.55492
6481.282  21.60644
6482.534  21.64637
6483.786  21.70615
6485.038  21.77223
6486.291  21.81908
6487.543  21.77379
6488.795  21.70882
6490.048  21.66567
6491.300  21.64072
6492.552  21.58654
6493.805  21.40869
6495.057  21.1393
6496.309  20.93519
6497.562  20.83293
6498.814  20.80288
6500.066  20.84915
6501.318  20.96663
6502.571  21.09814
6503.823  21.18428
6505.075  21.23836
6506.328  21.29129
6507.580  21.38057
6508.832  21.47896
6510.085  21.53901
6511.337  21.57404
6512.589  21.58012
6513.842  21.58273
6515.094  21.59613
6516.346  21.60508
6517.598  21.59307
6518.851  21.53469
6520.103  21.46862
6521.355  21.42793
6522.608  21.40328
6523.860  21.40804
6525.112  21.45275
6526.365  21.50482
6527.617  21.47041
6528.869  21.29289
6530.122  21.08652
6531.374  20.95756
6532.626  20.91553
6533.878  20.95718
6535.131  21.08858
6536.383  21.28118
6537.635  21.44366
6538.888  21.49282
6540.140  21.43352
6541.392  21.34913
6542.645  21.29115
6543.897  21.2745
6545.149  21.30378
6546.402  21.37029
6547.654  21.39856
6548.906  21.3061
6550.158  21.1174
6551.411  20.94794
6552.663  20.86578
6553.915  20.87521
6555.168  20.97212
6556.420  21.15361
6557.672  21.33798
6558.925  21.39875
6560.177  21.35946
6561.429  21.30611
6562.682  21.27816
6563.934  21.28547
6565.186  21.30418
6566.438  21.32161
6567.691  21.34031
6568.943  21.35286
6570.195  21.37267
6571.448  21.39752
6572.700  21.34094
6573.952  21.20738
6575.205  21.08332
6576.457  21.02039
6577.709  21.02176
6578.961  21.0786
6580.214  21.20962
6581.466  21.35579
6582.718  21.44196
6583.971  21.49035
6585.223  21.52255
6586.475  21.55201
6587.728  21.57932
6588.980  21.59646
6590.232  21.58368
6591.485  21.56495
6592.737  21.52436
6593.989  21.48514
6595.241  21.46365
6596.494  21.44255
6597.746  21.43813
6598.998  21.42879
6600.251  21.38714
6601.503  21.32718
6602.755  21.28981
6604.008  21.28379
6605.260  21.32521
6606.512  21.40406
6607.765  21.5
6609.017  21.58078
6610.269  21.63159
6611.521  21.63515
6612.774  21.63956
6614.026  21.64775
6615.278  21.64362
6616.531  21.64766
6617.783  21.63489
6619.035  21.62441
6620.288  21.62562
6621.540  21.62999
6622.792  21.60862
6624.045  21.58249
6625.297  21.56065
6626.549  21.54312
6627.801  21.53354
6629.054  21.52593
6630.306  21.51147
6631.558  21.48652
6632.811  21.46915
6634.063  21.46297
6635.315  21.47688
6636.568  21.51105
6637.820  21.55049
6639.072  21.583
6640.325  21.60086
6641.577  21.61754
6642.829  21.62295
6644.081  21.61803
6645.334  21.6171
6646.586  21.62102
6647.838  21.62014
6649.091  21.60943
6650.343  21.60168
6651.595  21.5987
6652.848  21.59943
6654.100  21.60117
6655.352  21.60311
6656.605  21.60783
6657.857  21.59388
6659.109  21.56962
6660.361  21.55495
6661.614  21.5552
6662.866  21.55505
6664.118  21.53583
6665.371  21.51917
6666.623  21.52164
6667.875  21.53988
6669.128  21.55721
6670.380  21.56482
6671.632  21.58387
6672.885  21.60287
6674.137  21.59649
6675.389  21.58125
6676.641  21.56692
6677.894  21.56109
6679.146  21.56543
6680.398  21.57273
6681.651  21.58201
6682.903  21.58779
6684.155  21.59014
6685.408  21.58836
6686.660  21.58601
6687.912  21.5896
6689.165  21.59831
6690.417  21.60597
6691.669  21.60713
6692.921  21.61146
6694.174  21.59807
6695.426  21.5693
6696.678  21.54853
6697.931  21.52395
6699.183  21.50538
6700.435  21.49642
6701.688  21.49157
6702.940  21.48298
6704.192  21.45349
6705.445  21.41428
6706.697  21.39996
6707.949  21.41148
6709.201  21.4353
6710.454  21.46401
6711.706  21.47935
6712.958  21.47536
6714.211  21.44961
6715.463  21.43131
6716.715  21.43339
6717.968  21.46809
6719.220  21.51067
6720.472  21.52853
6721.724  21.55594
6722.977  21.56686
6724.229  21.56794
6725.481  21.55686
6726.734  21.53883
6727.986  21.53346
6729.238  21.52906
6730.491  21.50918
6731.743  21.50779
6732.995  21.52736
6734.248  21.54938
6735.500  21.5497
6736.752  21.54239
6738.004  21.53384
6739.257  21.52607
6740.509  21.51175
6741.761  21.49194
6743.014  21.49376
6744.266  21.50245
6745.518  21.51486
6746.771  21.52975
6748.023  21.55271
6749.275  21.57824
6750.528  21.58228
6751.780  21.58094
6753.032  21.57084
6754.284  21.56976
6755.537  21.57867
6756.789  21.57458
6758.041  21.57399
6759.294  21.57753
6760.546  21.57957
6761.798  21.57607
6763.051  21.57087
6764.303  21.58178
6765.555  21.59243
6766.808  21.59918
6768.060  21.57804
6769.312  21.57272
6770.564  21.58206
6771.817  21.58197
6773.069  21.57603
6774.321  21.57118
6775.574  21.56289
6776.826  21.56135
6778.078  21.57142
6779.331  21.57786
6780.583  21.5733
6781.835  21.5652
6783.088  21.55201
6784.340  21.53804
6785.592  21.52874
6786.844  21.52608
6788.097  21.5405
6789.349  21.55423
6790.601  21.55841
6791.854  21.5767
6793.106  21.58738
6794.358  21.59326
6795.611  21.59233
6796.863  21.57323
6798.115  21.56696
6799.368  21.5739
6800.620  21.58177
6801.872  21.57819
6803.124  21.56656
6804.377  21.58055
6805.629  21.58689
6806.881  21.57529
6808.134  21.57766
6809.386  21.57273
6810.638  21.56503
6811.891  21.56384
6813.143  21.56665
6814.395  21.56528
6815.648  21.55055
6816.900  21.5364
6818.152  21.53596
6819.404  21.53949
6820.657  21.53182
6821.909  21.49091
6823.161  21.3601
6824.414  21.10559
6825.666  20.78984
6826.918  20.53023
6828.171  20.37399
6829.423  20.28305
6830.675  20.22822
6831.928  20.21909
6833.180  20.27794
6834.432  20.38433
6835.684  20.51629
6836.937  20.69597
6838.189  20.90432
6839.441  21.0466
6840.694  21.10453
6841.946  21.1355
6843.198  21.18389
6844.451  21.26968
6845.703  21.37472
6846.955  21.4476
6848.207  21.46873
6849.460  21.46274
6850.712  21.44675
6851.964  21.45174
6853.217  21.47149
6854.469  21.49937
6855.721  21.50478
6856.974  21.45975
6858.226  21.28783
6859.478  20.90107
6860.731  20.43629
6861.983  20.12514
6863.235  19.99579
6864.487  20.00463
6865.740  20.15461
6866.992  20.49188
6868.244  20.95736
6869.497  21.2697
6870.749  21.44837
