3749.761  22.94582
3751.014  22.95868
3752.267  22.9451
3753.519  22.77229
3754.772  22.94675
3756.024  23.24152
3757.277  23.16743
3758.529  23.18837
3759.782  23.65187
3761.034  23.35438
3762.287  23.8949
3763.539  23.51785
3764.792  23.54077
3766.044  23.90546
3767.297  23.90459
3768.549  23.9437
3769.802  23.77286
3771.054  23.37557
3772.307  22.89356
3773.559  22.81867
3774.812  22.78663
3776.064  23.00587
3777.317  23.26942
3778.570  23.51578
3779.822  23.3363
3781.075  23.58206
3782.327  23.37142
3783.580  23.40282
3784.832  23.19139
3786.085  23.15667
3787.337  23.3213
3788.590  23.3253
3789.842  23.11073
3791.095  22.86349
3792.347  22.82817
3793.600  22.82932
3794.852  22.84354
3796.105  22.92912
3797.357  22.80025
3798.610  23.6778
3799.862  23.24826
3801.115  23.24762
3802.368  23.22289
3803.620  23.19734
3804.873  23.23079
3806.125  23.26413
3807.378  23.27732
3808.630  23.21828
3809.883  23.15993
3811.135  22.92516
3812.388  22.82475
3813.640  22.91476
3814.893  22.88251
3816.145  22.85361
3817.398  22.8766
3818.650  22.94479
3819.903  22.96694
3821.155  22.94124
3822.408  22.79713
3823.660  22.81866
3824.913  22.76562
3826.165  22.61443
3827.418  22.4751
3828.671  22.35806
3829.923  22.24268
3831.176  22.21566
3832.428  22.21368
3833.681  22.24706
3834.933  22.33614
3836.186  22.42136
3837.438  22.47932
3838.691  22.51011
3839.943  22.53364
3841.196  22.549
3842.448  22.56204
3843.701  22.58117
3844.953  22.57974
3846.206  22.59991
3847.458  22.6346
3848.711  22.68468
3849.963  22.75983
3851.216  22.96664
3852.469  23.01013
3853.721  22.87047
3854.974  23.0421
3856.226  23.10017
3857.479  23.16135
3858.731  23.14639
3859.984  23.15388
3861.236  23.15154
3862.489  23.15241
3863.741  23.16052
3864.994  23.16328
3866.246  23.19885
3867.499  23.26203
3868.751  23.32051
3870.004  23.37786
3871.256  23.39912
3872.509  23.35435
3873.761  23.32549
3875.014  23.27553
3876.266  23.23702
3877.519  23.25445
3878.772  23.34733
3880.024  23.45239
3881.277  23.96912
3882.529  23.33903
3883.782  23.31402
3885.034  23.35793
3886.287  23.37828
3887.539  23.36298
3888.792  23.34996
3890.044  23.48277
3891.297  23.4108
3892.549  23.00995
3893.802  23.33261
3895.054  23.31476
3896.307  23.22821
3897.559  23.12737
3898.812  23.08796
3900.064  23.02359
3901.317  22.93253
3902.570  22.8203
3903.822  22.6983
3905.075  22.61188
3906.327  22.51531
3907.580  22.44808
3908.832  22.43323
3910.085  22.41977
3911.337  22.42678
3912.590  22.48637
3913.842  22.54272
3915.095  22.60159
3916.347  22.68236
3917.600  22.77833
3918.852  22.89049
3920.105  22.95279
3921.357  23.00401
3922.610  23.06475
3923.862  23.12555
3925.115  22.99309
3926.367  23.1792
3927.620  23.23755
3928.873  23.2597
3930.125  23.10032
3931.378  23.30836
3932.630  23.30068
3933.883  23.29052
3935.135  23.08234
3936.388  23.00797
3937.640  22.85416
3938.893  22.69619
3940.145  22.59812
3941.398  22.5503
3942.650  22.50717
3943.903  22.50481
3945.155  22.68704
3946.408  22.72776
3947.660  22.61022
3948.913  22.7879
3950.165  22.82121
3951.418  22.84257
3952.671  22.88371
3953.923  22.91735
3955.176  22.96468
3956.428  23.02019
3957.681  23.0146
3958.933  23.0466
3960.186  23.09268
3961.438  23.15469
3962.691  23.23735
3963.943  23.32507
3965.196  23.4387
3966.448  23.94367
3967.701  23.94926
3968.953  23.46989
3970.206  23.41527
3971.458  23.32281
3972.711  22.97623
3973.963  23.02555
3975.216  22.94261
3976.468  22.87359
3977.721  22.83213
3978.974  22.81704
3980.226  22.82022
3981.479  22.83003
3982.731  22.84026
3983.984  22.85255
3985.236  22.86577
3986.489  22.87442
3987.741  22.87337
3988.994  22.86387
3990.246  22.85484
3991.499  22.87188
3992.751  22.91056
3994.004  22.92534
3995.256  22.90803
3996.509  22.86834
3997.761  22.82955
3999.014  22.81421
4000.266  22.81042
4001.519  22.80136
4002.772  22.7911
4004.024  22.76701
4005.277  22.71272
4006.529  22.63194
4007.782  22.55584
4009.034  22.49835
4010.287  22.47176
4011.539  22.47363
4012.792  22.491
4014.044  22.52842
4015.297  22.55329
4016.549  22.53698
4017.802  22.51896
4019.054  22.50912
4020.307  22.50572
4021.559  22.50152
4022.812  22.50208
4024.064  22.53135
4025.317  22.57243
4026.569  22.58089
4027.822  22.60844
4029.075  22.64382
4030.327  22.66097
4031.580  22.67887
4032.832  22.68374
4034.085  22.66222
4035.337  22.63577
4036.590  22.60688
4037.842  22.5496
4039.095  22.48147
4040.347  22.4017
4041.600  22.29967
4042.852  22.16266
4044.105  22.0202
4045.357  21.93366
4046.610  21.92626
4047.862  21.97076
4049.115  22.07164
4050.367  22.22958
4051.620  22.36228
4052.873  22.44676
4054.125  22.50445
4055.378  22.52838
4056.630  22.52073
4057.883  22.50723
4059.135  22.48276
4060.388  22.44186
4061.640  22.3793
4062.893  22.16669
4064.145  22.12994
4065.398  22.11354
4066.650  22.26023
4067.903  22.27448
4069.155  22.31386
4070.408  22.35188
4071.660  22.38076
4072.913  22.36488
4074.165  22.34074
4075.418  22.33617
4076.670  22.30852
4077.923  22.2885
4079.176  22.29034
4080.428  22.31815
4081.681  22.35905
4082.933  22.37776
4084.186  22.39181
4085.438  22.43209
4086.691  22.4563
4087.943  22.47148
4089.196  22.49593
4090.448  22.53379
4091.701  22.57475
4092.953  22.60472
4094.206  22.63
4095.458  22.63751
4096.711  22.65314
4097.963  22.67927
4099.216  22.69877
4100.468  22.72466
4101.721  22.75312
4102.974  22.76511
4104.226  22.78172
4105.479  22.77966
4106.731  22.76702
4107.984  22.73223
4109.236  22.702
4110.489  22.70092
4111.741  22.70149
4112.994  22.70342
4114.246  22.68833
4115.499  22.67638
4116.751  22.68604
4118.004  22.68282
4119.256  22.66692
4120.509  22.62479
4121.761  22.58918
4123.014  22.53982
4124.266  22.49982
4125.519  22.49289
4126.771  22.49786
4128.024  22.50835
4129.277  22.49549
4130.529  22.4891
4131.782  22.48119
4133.034  22.44341
4134.287  22.42846
4135.539  22.4357
4136.792  22.43607
4138.044  22.44771
4139.297  22.4902
4140.549  22.54407
4141.802  22.57478
4143.054  22.58852
4144.307  22.60819
4145.559  22.62663
4146.812  22.62264
4148.064  22.60844
4149.317  22.60274
4150.569  22.58462
4151.822  22.53204
4153.075  22.46066
4154.327  22.42447
4155.580  22.38897
4156.832  22.34888
4158.085  22.33644
4159.337  22.31946
4160.590  22.28795
4161.842  22.24881
4163.095  22.19506
4164.347  22.1502
4165.600  22.12243
4166.852  22.1025
4168.105  22.10271
4169.357  22.11607
4170.610  22.14763
4171.862  22.20233
4173.115  22.24179
4174.367  22.26923
4175.620  22.30396
4176.872  22.32737
4178.125  22.33883
4179.378  22.35722
4180.630  22.38271
4181.883  22.40625
4183.135  22.43963
4184.388  22.47862
4185.640  22.50587
4186.893  22.5178
4188.145  22.52267
4189.398  22.52266
4190.650  22.51972
4191.903  22.52621
4193.155  22.55121
4194.408  22.57113
4195.660  22.60353
4196.913  22.62667
4198.165  22.66563
4199.418  22.67469
4200.670  22.67375
4201.923  22.67846
4203.176  22.65006
4204.428  22.61327
4205.681  22.57939
4206.933  22.55688
4208.186  22.54163
4209.438  22.54373
4210.691  22.56761
4211.943  22.58832
4213.196  22.59723
4214.448  22.61487
4215.701  22.62534
4216.953  22.62768
4218.206  22.6379
4219.458  22.65604
4220.711  22.66317
4221.963  22.67322
4223.216  22.6826
4224.468  22.71066
4225.721  22.73591
4226.973  22.72727
4228.226  22.72324
4229.479  22.69974
4230.731  22.67584
4231.984  22.65044
4233.236  22.62645
4234.489  22.63908
4235.741  22.65111
4236.994  22.6648
4238.246  22.676
4239.499  22.68488
4240.751  22.67729
4242.004  22.6378
4243.256  22.56476
4244.509  22.48157
4245.761  22.42386
4247.014  22.39551
4248.266  22.37832
4249.519  22.39021
4250.771  22.43265
4252.024  22.46506
4253.277  22.48332
4254.529  22.48528
4255.782  22.48273
4257.034  22.49457
4258.287  22.51275
4259.539  22.54262
4260.792  22.55643
4262.044  22.53991
4263.297  22.52032
4264.549  22.50696
4265.802  22.50092
4267.054  22.48992
4268.307  22.50117
4269.559  22.53051
4270.812  22.53896
4272.064  22.53685
4273.317  22.53413
4274.569  22.52373
4275.822  22.51201
4277.074  22.50712
4278.327  22.50135
4279.580  22.50276
4280.832  22.51018
4282.085  22.52295
4283.337  22.5391
4284.590  22.56232
4285.842  22.58229
4287.095  22.60106
4288.347  22.62686
4289.600  22.61184
4290.852  22.57122
4292.105  22.55051
4293.357  22.53395
4294.610  22.53814
4295.862  22.55014
4297.115  22.57097
4298.367  22.61553
4299.620  22.66178
4300.872  22.69177
4302.125  22.69961
4303.378  22.67553
4304.630  22.63208
4305.883  22.59134
4307.135  22.54426
4308.388  22.49588
4309.640  22.45417
4310.893  22.40331
4312.145  22.34783
4313.398  22.30359
4314.650  22.27349
4315.903  22.25907
4317.155  22.25362
4318.408  22.26774
4319.660  22.30087
4320.913  22.35892
4322.165  22.40337
4323.418  22.43296
4324.670  22.46315
4325.923  22.49265
4327.175  22.50795
4328.428  22.50408
4329.681  22.50702
4330.933  22.51264
4332.186  22.51709
4333.438  22.50963
4334.691  22.5146
4335.943  22.53148
4337.196  22.54742
4338.448  22.56055
4339.701  22.5575
4340.953  22.52613
4342.206  22.48848
4343.458  22.45208
4344.711  22.41383
4345.963  22.38737
4347.216  22.3717
4348.468  22.36611
4349.721  22.37745
4350.973  22.36936
4352.226  22.28729
4353.479  22.07862
4354.731  21.76208
4355.984  21.48141
4357.236  21.33456
4358.489  21.29782
4359.741  21.36148
4360.994  21.54863
4362.246  21.82844
4363.499  22.09537
4364.751  22.26048
4366.004  22.33466
4367.256  22.35957
4368.509  22.37751
4369.761  22.38776
4371.014  22.3754
4372.266  22.35724
4373.519  22.33967
4374.771  22.31878
4376.024  22.31015
4377.276  22.31064
4378.529  22.32427
4379.782  22.3621
4381.034  22.3993
4382.287  22.42445
4383.539  22.45348
4384.792  22.47245
4386.044  22.47674
4387.297  22.47672
4388.549  22.46715
4389.802  22.45974
4391.054  22.4568
4392.307  22.43634
4393.559  22.41782
4394.812  22.42889
4396.064  22.4172
4397.317  22.38329
4398.569  22.34342
4399.822  22.29598
4401.074  22.24521
4402.327  22.19802
4403.580  22.15159
4404.832  22.11368
4406.085  22.09621
4407.337  22.08844
4408.590  22.07962
4409.842  22.07249
4411.095  22.06562
4412.347  22.06778
4413.600  22.0678
4414.852  22.0661
4416.105  22.06205
4417.357  22.07065
4418.610  22.08811
4419.862  22.09101
4421.115  22.09796
4422.367  22.10227
4423.620  22.11239
4424.872  22.12664
4426.125  22.13669
4427.377  22.15285
4428.630  22.17359
4429.883  22.2004
4431.135  22.22081
4432.388  22.23459
4433.640  22.25425
4434.893  22.25833
4436.145  22.24536
4437.398  22.23021
4438.650  22.22114
4439.903  22.22146
4441.155  22.23829
4442.408  22.25177
4443.660  22.25668
4444.913  22.26767
4446.165  22.27028
4447.418  22.26508
4448.670  22.28905
4449.923  22.31701
4451.175  22.3378
4452.428  22.3647
4453.681  22.38798
4454.933  22.40778
4456.186  22.40321
4457.438  22.40425
4458.691  22.41457
4459.943  22.41945
4461.196  22.4114
4462.448  22.39904
4463.701  22.39121
4464.953  22.38588
4466.206  22.38191
4467.458  22.39493
4468.711  22.41564
4469.963  22.41497
4471.216  22.40512
4472.468  22.37915
4473.721  22.36303
4474.973  22.35611
4476.226  22.36103
4477.478  22.37506
4478.731  22.38491
4479.984  22.38156
4481.236  22.37061
4482.489  22.35027
4483.741  22.33239
4484.994  22.31446
4486.246  22.32685
4487.499  22.34015
4488.751  22.33495
4490.004  22.32767
4491.256  22.31594
4492.509  22.29771
4493.761  22.28341
4495.014  22.2846
4496.266  22.28616
4497.519  22.2837
4498.771  22.2934
4500.024  22.29007
4501.276  22.29212
4502.529  22.29377
4503.782  22.2886
4505.034  22.28677
4506.287  22.27493
4507.539  22.26866
4508.792  22.27719
4510.044  22.28728
4511.297  22.28716
4512.549  22.28546
4513.802  22.28682
4515.054  22.28781
4516.307  22.29682
4517.559  22.29546
4518.812  22.27621
4520.064  22.25549
4521.317  22.24026
4522.569  22.23834
4523.822  22.22928
4525.074  22.22319
4526.327  22.21494
4527.579  22.1886
4528.832  22.16404
4530.085  22.14203
4531.337  22.12166
4532.590  22.11107
4533.842  22.10228
4535.095  22.09831
4536.347  22.10704
4537.600  22.11737
4538.852  22.11459
4540.105  22.10447
4541.357  22.10432
4542.610  22.10072
4543.862  22.09179
4545.115  22.08178
4546.367  22.09008
4547.620  22.11316
4548.872  22.13549
4550.125  22.14912
4551.377  22.1577
4552.630  22.17533
4553.883  22.19119
4555.135  22.19401
4556.388  22.19844
4557.640  22.20574
4558.893  22.2099
4560.145  22.21714
4561.398  22.23005
4562.650  22.25011
4563.903  22.26946
4565.155  22.26938
4566.408  22.26578
4567.660  22.27302
4568.913  22.27642
4570.165  22.27223
4571.418  22.27113
4572.670  22.2622
4573.923  22.25086
4575.175  22.23302
4576.428  22.19704
4577.680  22.17117
4578.933  22.16024
4580.186  22.15867
4581.438  22.15568
4582.691  22.16336
4583.943  22.17992
4585.196  22.18744
4586.448  22.18982
4587.701  22.20057
4588.953  22.21463
4590.206  22.22283
4591.458  22.24368
4592.711  22.26481
4593.963  22.2705
4595.216  22.27601
4596.468  22.28027
4597.721  22.28667
4598.973  22.29149
4600.226  22.30282
4601.478  22.31107
4602.731  22.31347
4603.984  22.30796
4605.236  22.28986
4606.489  22.28202
4607.741  22.27353
4608.994  22.26938
4610.246  22.25881
4611.499  22.26379
4612.751  22.2846
4614.004  22.2973
4615.256  22.30012
4616.509  22.2984
4617.761  22.29659
4619.014  22.30399
4620.266  22.31225
4621.519  22.29427
4622.771  22.28004
4624.024  22.27904
4625.276  22.28273
4626.529  22.28696
4627.781  22.29186
4629.034  22.2922
4630.287  22.29667
4631.539  22.30143
4632.792  22.3034
4634.044  22.31949
4635.297  22.32479
4636.549  22.32835
4637.802  22.33519
4639.054  22.32906
4640.307  22.31759
4641.559  22.31877
4642.812  22.33484
4644.064  22.34453
4645.317  22.35188
4646.569  22.35799
4647.822  22.34228
4649.074  22.32197
4650.327  22.30272
4651.579  22.28932
4652.832  22.2601
4654.085  22.23599
4655.337  22.19588
4656.590  22.14773
4657.842  22.10098
4659.095  22.07219
4660.347  22.04824
4661.600  22.04258
4662.852  22.05451
4664.105  22.06495
4665.357  22.06933
4666.610  22.06977
4667.862  22.06253
4669.115  22.05009
4670.367  22.03721
4671.620  22.0221
4672.872  22.01602
4674.125  22.02143
4675.377  22.04346
4676.630  22.03209
4677.882  21.97779
4679.135  22.04475
4680.388  22.09875
4681.640  22.11181
4682.893  22.12037
4684.145  22.1276
4685.398  22.13327
4686.650  22.14062
4687.903  22.14708
4689.155  22.15953
4690.408  22.17333
4691.660  22.188
4692.913  22.18576
4694.165  22.18435
4695.418  22.18979
4696.670  22.20025
4697.923  22.21382
4699.175  22.23257
4700.428  22.23981
4701.680  22.22035
4702.933  22.20702
4704.186  22.18967
4705.438  22.18596
4706.691  22.17337
4707.943  22.15887
4709.196  22.1495
4710.448  22.15508
4711.701  22.15602
4712.953  22.15753
4714.206  22.16345
4715.458  22.16869
4716.711  22.17274
4717.963  22.17879
4719.216  22.18396
4720.468  22.18544
4721.721  22.18687
4722.973  22.18228
4724.226  22.17994
4725.478  22.1751
4726.731  22.15952
4727.983  22.15281
4729.236  22.14507
4730.489  22.1459
4731.741  22.14106
4732.994  22.13469
4734.246  22.12919
4735.499  22.11135
4736.751  22.08302
4738.004  22.06324
4739.256  22.04655
4740.509  22.03015
4741.761  22.03167
4743.014  22.04915
4744.266  22.07238
4745.519  22.10424
4746.771  22.1439
4748.024  22.17752
4749.276  22.20414
4750.529  22.20416
4751.781  22.20125
4753.034  22.20301
4754.286  22.21388
4755.539  22.2308
4756.792  22.24828
4758.044  22.26161
4759.297  22.27331
4760.549  22.29024
4761.802  22.30487
4763.054  22.29954
4764.307  22.30105
4765.559  22.30656
4766.812  22.30882
4768.064  22.30999
4769.317  22.31218
4770.569  22.30915
4771.822  22.30404
4773.074  22.29423
4774.327  22.2794
4775.579  22.25287
4776.832  22.2291
4778.084  22.20741
4779.337  22.21124
4780.590  22.22712
4781.842  22.25062
4783.095  22.27124
4784.347  22.28068
4785.600  22.28522
4786.852  22.2779
4788.105  22.26684
4789.357  22.2507
4790.610  22.23636
4791.862  22.2207
4793.115  22.21399
4794.367  22.21726
4795.620  22.21825
4796.872  22.22086
4798.125  22.23468
4799.377  22.2417
4800.630  22.23835
4801.882  22.22936
4803.135  22.2187
4804.387  22.2096
4805.640  22.20853
4806.893  22.21044
4808.145  22.20678
4809.398  22.19726
4810.650  22.19298
4811.903  22.17852
4813.155  22.1509
4814.408  22.11587
4815.660  22.0738
4816.913  22.03833
4818.165  22.01125
4819.418  21.98233
4820.670  21.97376
4821.923  21.97884
4823.175  21.97902
4824.428  21.98149
4825.680  21.98722
4826.933  21.9861
4828.185  21.97604
4829.438  21.96029
4830.691  21.95244
4831.943  21.94747
4833.196  21.94222
4834.448  21.93739
4835.701  21.93356
4836.953  21.93255
4838.206  21.93851
4839.458  21.94599
4840.711  21.95753
4841.963  21.96856
4843.216  21.98977
4844.468  22.00977
4845.721  22.01933
4846.973  22.03849
4848.226  22.05684
4849.478  22.06827
4850.731  22.08126
4851.983  22.09195
4853.236  22.11144
4854.488  22.141
4855.741  22.16503
4856.994  22.17469
4858.246  22.15879
4859.499  22.12577
4860.751  22.09992
4862.004  22.0894
4863.256  22.09216
4864.509  22.11317
4865.761  22.13412
4867.014  22.15049
4868.266  22.15364
4869.519  22.15314
4870.771  22.16402
4872.024  22.18368
4873.276  22.18933
4874.529  22.16399
4875.781  22.13397
4877.034  22.10121
4878.286  22.07482
4879.539  22.05144
4880.792  22.03605
4882.044  22.03448
4883.297  22.03825
4884.549  22.04665
4885.802  22.05573
4887.054  22.06234
4888.307  22.07034
4889.559  22.07257
4890.812  22.07669
4892.064  22.07643
4893.317  22.06371
4894.569  22.06842
4895.822  22.08511
4897.074  22.09135
4898.327  22.09974
4899.579  22.11173
4900.832  22.11208
4902.084  22.10567
4903.337  22.09602
4904.589  22.08628
4905.842  22.0864
4907.095  22.08974
4908.347  22.10336
4909.600  22.1208
4910.852  22.12382
4912.105  22.11673
4913.357  22.11496
4914.610  22.12085
4915.862  22.12718
4917.115  22.13917
4918.367  22.1569
4919.620  22.17231
4920.872  22.17174
4922.125  22.155
4923.377  22.14428
4924.630  22.13115
4925.882  22.11858
4927.135  22.11905
4928.387  22.13269
4929.640  22.14888
4930.893  22.14644
4932.145  22.13572
4933.398  22.12904
4934.650  22.12337
4935.903  22.11271
4937.155  22.10495
4938.408  22.09866
4939.660  22.10003
4940.913  22.11056
4942.165  22.12156
4943.418  22.1253
4944.670  22.11983
4945.923  22.12077
4947.175  22.12122
4948.428  22.11175
4949.680  22.08397
4950.933  22.06043
4952.185  22.05899
4953.438  22.06763
4954.690  22.08129
4955.943  22.09625
4957.196  22.11846
4958.448  22.12383
4959.701  22.10462
4960.953  22.08558
4962.206  22.06374
4963.458  22.04293
4964.711  22.01815
4965.963  21.99307
4967.216  21.97972
4968.468  21.96566
4969.721  21.94245
4970.973  21.91885
4972.226  21.89681
4973.478  21.86663
4974.731  21.8327
4975.983  21.80458
4977.236  21.7687
4978.488  21.72754
4979.741  21.69944
4980.994  21.68712
4982.246  21.6864
4983.499  21.69379
4984.751  21.70789
4986.004  21.72517
4987.256  21.73865
4988.509  21.76261
4989.761  21.79276
4991.014  21.81724
4992.266  21.84029
4993.519  21.87751
4994.771  21.91794
4996.024  21.94078
4997.276  21.96931
4998.529  21.99899
4999.781  22.01441
5001.034  22.02716
5002.286  22.03475
5003.539  22.03521
5004.791  22.03806
5006.044  22.04831
5007.297  22.05338
5008.549  22.06239
5009.802  22.07851
5011.054  22.09784
5012.307  22.1207
5013.559  22.12991
5014.812  22.12701
5016.064  22.11733
5017.317  22.11043
5018.569  22.10526
5019.822  22.10581
5021.074  22.11549
5022.327  22.13129
5023.579  22.14842
5024.832  22.15689
5026.084  22.1552
5027.337  22.15212
5028.589  22.14045
5029.842  22.12328
5031.095  22.12509
5032.347  22.13697
5033.600  22.15412
5034.852  22.16739
5036.105  22.18386
5037.357  22.20512
5038.610  22.22619
5039.862  22.23312
5041.115  22.22738
5042.367  22.22204
5043.620  22.21236
5044.872  22.19775
5046.125  22.19199
5047.377  22.18758
5048.630  22.18679
5049.882  22.19537
5051.135  22.20157
5052.387  22.2016
5053.640  22.19027
5054.892  22.17939
5056.145  22.17765
5057.398  22.17457
5058.650  22.16607
5059.903  22.1512
5061.155  22.14114
5062.408  22.13443
5063.660  22.123
5064.913  22.10893
5066.165  22.08807
5067.418  22.07384
5068.670  22.06604
5069.923  22.07019
5071.175  22.08142
5072.428  22.09373
5073.680  22.11322
5074.933  22.12795
5076.185  22.12644
5077.438  22.09827
5078.690  22.0443
5079.943  21.9741
5081.196  21.90028
5082.448  21.8323
5083.701  21.78225
5084.953  21.76905
5086.206  21.78653
5087.458  21.82757
5088.711  21.88823
5089.963  21.95603
5091.216  22.01367
5092.468  22.05436
5093.721  22.08503
5094.973  22.09186
5096.226  22.07209
5097.478  22.04842
5098.731  22.03501
5099.983  22.0415
5101.236  22.05723
5102.488  22.08371
5103.741  22.12016
5104.993  22.15098
5106.246  22.16765
5107.499  22.17842
5108.751  22.18208
5110.004  22.16879
5111.256  22.15261
5112.509  22.14597
5113.761  22.13488
5115.014  22.11845
5116.266  22.10926
5117.519  22.12463
5118.771  22.14779
5120.024  22.17
5121.276  22.18337
5122.529  22.1952
5123.781  22.21594
5125.034  22.22344
5126.286  22.21135
5127.539  22.18948
5128.791  22.16595
5130.044  22.13554
5131.297  22.09846
5132.549  22.06669
5133.802  22.04909
5135.054  22.04097
5136.307  22.03166
5137.559  22.03074
5138.812  22.0409
5140.064  22.04348
5141.317  22.03267
5142.569  22.0178
5143.822  22.01089
5145.074  21.99998
5146.327  21.97566
5147.579  21.96026
5148.832  21.94429
5150.084  21.91726
5151.337  21.89053
5152.589  21.87423
5153.842  21.87603
5155.094  21.88983
5156.347  21.90652
5157.600  21.92848
5158.852  21.96733
5160.105  22.00529
5161.357  22.03353
5162.610  22.05734
5163.862  22.09318
5165.115  22.12753
5166.367  22.15061
5167.620  22.18136
5168.872  22.20605
5170.125  22.22614
5171.377  22.22349
5172.630  22.20083
5173.882  22.18366
5175.135  22.15954
5176.387  22.14388
5177.640  22.15171
5178.892  22.1664
5180.145  22.18215
5181.398  22.20104
5182.650  22.20532
5183.903  22.18868
5185.155  22.15682
5186.408  22.10015
5187.660  22.04966
5188.913  22.03232
5190.165  22.02933
5191.418  22.02022
5192.670  21.97174
5193.923  21.87276
5195.175  21.73567
5196.428  21.6025
5197.680  21.50771
5198.933  21.46928
5200.185  21.49016
5201.438  21.57116
5202.690  21.69592
5203.943  21.83258
5205.195  21.94567
5206.448  22.01057
5207.701  22.0457
5208.953  22.05236
5210.206  22.04541
5211.458  22.04663
5212.711  22.0526
5213.963  22.05268
5215.216  22.043
5216.468  22.0164
5217.721  21.98788
5218.973  21.96846
5220.226  21.94807
5221.478  21.92979
5222.731  21.92508
5223.983  21.94928
5225.236  21.99068
5226.488  22.02142
5227.741  22.04032
5228.993  22.05647
5230.246  22.06019
5231.499  22.05403
5232.751  22.04709
5234.004  22.03058
5235.256  21.99217
5236.509  21.9561
5237.761  21.93573
5239.014  21.93322
5240.266  21.96541
5241.519  22.0014
5242.771  22.04163
5244.024  22.08225
5245.276  22.09484
5246.529  22.08969
5247.781  22.08138
5249.034  22.07203
5250.286  22.06025
5251.539  22.04206
5252.791  21.99956
5254.044  21.95414
5255.296  21.94015
5256.549  21.93247
5257.802  21.94081
5259.054  21.97764
5260.307  22.0402
5261.559  22.11268
5262.812  22.16576
5264.064  22.20066
5265.317  22.21953
5266.569  22.21868
5267.822  22.21144
5269.074  22.19296
5270.327  22.15663
5271.579  22.11248
5272.832  22.07428
5274.084  22.04046
5275.337  22.01593
5276.589  22.01261
5277.842  22.03099
5279.094  22.06093
5280.347  22.08634
5281.600  22.10172
5282.852  22.10744
5284.105  22.10563
5285.357  22.08137
5286.610  22.06284
5287.862  22.05844
5289.115  22.05991
5290.367  22.06324
5291.620  22.0482
5292.872  22.04769
5294.125  22.04591
5295.377  22.02707
5296.630  22.01342
5297.882  22.00853
5299.135  21.99874
5300.387  21.9931
5301.640  21.99572
5302.892  21.98475
5304.145  21.98541
5305.397  21.99685
5306.650  21.98911
5307.903  21.98021
5309.155  21.96951
5310.408  21.96091
5311.660  21.95348
5312.913  21.95145
5314.165  21.9513
5315.418  21.95214
5316.670  21.95312
5317.923  21.96001
5319.175  21.96326
5320.428  21.95624
5321.680  21.94976
5322.933  21.95697
5324.185  21.95865
5325.438  21.95785
5326.690  21.95516
5327.943  21.94967
5329.195  21.93272
5330.448  21.9205
5331.701  21.91093
5332.953  21.91272
5334.206  21.92397
5335.458  21.92832
5336.711  21.93597
5337.963  21.9387
5339.216  21.93542
5340.468  21.92335
5341.721  21.9145
5342.973  21.91619
5344.226  21.91935
5345.478  21.90408
5346.731  21.88652
5347.983  21.87113
5349.236  21.86338
5350.488  21.85781
5351.741  21.85664
5352.993  21.85686
5354.246  21.85523
5355.498  21.85724
5356.751  21.86693
5358.004  21.88975
5359.256  21.92486
5360.509  21.96379
5361.761  21.99739
5363.014  22.01428
5364.266  22.01914
5365.519  22.01173
5366.771  22.00163
5368.024  21.99197
5369.276  21.97747
5370.529  21.96358
5371.781  21.94307
5373.034  21.92154
5374.286  21.90457
5375.539  21.89615
5376.791  21.90407
5378.044  21.91892
5379.296  21.93647
5380.549  21.95967
5381.802  21.97441
5383.054  21.97789
5384.307  21.97449
5385.559  21.97042
5386.812  21.95438
5388.064  21.94364
5389.317  21.93025
5390.569  21.9138
5391.822  21.91206
5393.074  21.92124
5394.327  21.9391
5395.579  21.95824
5396.832  21.97283
5398.084  21.981
5399.337  21.97692
5400.589  21.97159
5401.842  21.98058
5403.094  21.98386
5404.347  21.97909
5405.599  21.97564
5406.852  21.97512
5408.105  21.96286
5409.357  21.94098
5410.610  21.91785
5411.862  21.88978
5413.115  21.85601
5414.367  21.83051
5415.620  21.81345
5416.872  21.80095
5418.125  21.79538
5419.377  21.80361
5420.630  21.8072
5421.882  21.81174
5423.135  21.8201
5424.387  21.82212
5425.640  21.82126
5426.892  21.82431
5428.145  21.83213
5429.397  21.83922
5430.650  21.83349
5431.903  21.82514
5433.155  21.81799
5434.408  21.81216
5435.660  21.79997
5436.913  21.79019
5438.165  21.78936
5439.418  21.78703
5440.670  21.78144
5441.923  21.77806
5443.175  21.77038
5444.428  21.76579
5445.680  21.76648
5446.933  21.76436
5448.185  21.76402
5449.438  21.76953
5450.690  21.7722
5451.943  21.76876
5453.195  21.74125
5454.448  21.64648
5455.700  21.46944
5456.953  21.23163
5458.206  21.00196
5459.458  20.84409
5460.711  20.78431
5461.963  20.82524
5463.216  20.9583
5464.468  21.1655
5465.721  21.39307
5466.973  21.56652
5468.226  21.66951
5469.478  21.72577
5470.731  21.7447
5471.983  21.75982
5473.236  21.78406
5474.488  21.79967
5475.741  21.80215
5476.993  21.79788
5478.246  21.78115
5479.498  21.74944
5480.751  21.70687
5482.004  21.67432
5483.256  21.66192
5484.509  21.67172
5485.761  21.70113
5487.014  21.74331
5488.266  21.77983
5489.519  21.80374
5490.771  21.81541
5492.024  21.82124
5493.276  21.82247
5494.529  21.81819
5495.781  21.8107
5497.034  21.79157
5498.286  21.77901
5499.539  21.77746
5500.791  21.78105
5502.044  21.78778
5503.296  21.79155
5504.549  21.7959
5505.801  21.80176
5507.054  21.79663
5508.307  21.78078
5509.559  21.76363
5510.812  21.74301
5512.064  21.72294
5513.317  21.7101
5514.569  21.70078
5515.822  21.69044
5517.074  21.68381
5518.327  21.67999
5519.579  21.68235
5520.832  21.68641
5522.084  21.69833
5523.337  21.71745
5524.589  21.7398
5525.842  21.75824
5527.094  21.77313
5528.347  21.79015
5529.599  21.80468
5530.852  21.80504
5532.105  21.80962
5533.357  21.81208
5534.610  21.80431
5535.862  21.79554
5537.115  21.77257
5538.367  21.73383
5539.620  21.68806
5540.872  21.64329
5542.125  21.61011
5543.377  21.59325
5544.630  21.58935
5545.882  21.60493
5547.135  21.62916
5548.387  21.66035
5549.640  21.67902
5550.892  21.69607
5552.145  21.71044
5553.397  21.71667
5554.650  21.71548
5555.902  21.70703
5557.155  21.69384
5558.408  21.66572
5559.660  21.61742
5560.913  21.56185
5562.165  21.5148
5563.418  21.47879
5564.670  21.45671
5565.923  21.45428
5567.175  21.41977
5568.428  21.26115
5569.680  20.55934
5570.933  19.61407
5572.185  18.68166
5573.438  18.01475
5574.690  17.58554
5575.943  17.33417
5577.195  17.25991
5578.448  17.37272
5579.700  17.66307
5580.953  18.14784
5582.206  19.07557
5583.458  20.02763
5584.711  20.65851
5585.963  21.2753
5587.216  21.42037
5588.468  21.47025
5589.721  21.50226
5590.973  21.53575
5592.226  21.57359
5593.478  21.6147
5594.731  21.63521
5595.983  21.64723
5597.236  21.65663
5598.488  21.65798
5599.741  21.64623
5600.993  21.62074
5602.246  21.58218
5603.498  21.54137
5604.751  21.52493
5606.003  21.53316
5607.256  21.56345
5608.509  21.6184
5609.761  21.66984
5611.014  21.70517
5612.266  21.72269
5613.519  21.72487
5614.771  21.72024
5616.024  21.71478
5617.276  21.70635
5618.529  21.69953
5619.781  21.67903
5621.034  21.64783
5622.286  21.63052
5623.539  21.62687
5624.791  21.64318
5626.044  21.67722
5627.296  21.70619
5628.549  21.73814
5629.801  21.75945
5631.054  21.76714
5632.307  21.7722
5633.559  21.77464
5634.812  21.76625
5636.064  21.7624
5637.317  21.74979
5638.569  21.7331
5639.822  21.72466
5641.074  21.70868
5642.327  21.68913
5643.579  21.67537
5644.832  21.66901
5646.084  21.66741
5647.337  21.66852
5648.589  21.68649
5649.842  21.71539
5651.094  21.73243
5652.347  21.73569
5653.599  21.73362
5654.852  21.72607
5656.104  21.72043
5657.357  21.71055
5658.610  21.69102
5659.862  21.66293
5661.115  21.60723
5662.367  21.5617
5663.620  21.51015
5664.872  21.47301
5666.125  21.45571
5667.377  21.42965
5668.630  21.39974
5669.882  21.36501
5671.135  21.33654
5672.387  21.33036
5673.640  21.33668
5674.892  21.32748
5676.145  21.30539
5677.397  21.28281
5678.650  21.23632
5679.902  21.16055
5681.155  21.076
5682.408  20.98418
5683.660  20.89524
5684.913  20.82202
5686.165  20.76926
5687.418  20.74288
5688.670  20.74638
5689.923  20.78383
5691.175  20.84841
5692.428  20.92928
5693.680  21.02153
5694.933  21.10673
5696.185  21.17286
5697.438  21.22521
5698.690  21.26415
5699.943  21.30034
5701.195  21.34346
5702.448  21.39294
5703.700  21.43535
5704.953  21.46891
5706.205  21.48831
5707.458  21.48889
5708.711  21.48495
5709.963  21.4786
5711.216  21.47752
5712.468  21.48514
5713.721  21.49694
5714.973  21.51511
5716.226  21.53064
5717.478  21.54234
5718.731  21.54867
5719.983  21.55063
5721.236  21.55371
5722.488  21.55618
5723.741  21.56525
5724.993  21.57911
5726.246  21.5975
5727.498  21.62077
5728.751  21.64303
5730.003  21.66026
5731.256  21.66714
5732.509  21.66992
5733.761  21.67525
5735.014  21.67782
5736.266  21.68058
5737.519  21.67994
5738.771  21.68177
5740.024  21.67879
5741.276  21.66381
5742.529  21.66861
5743.781  21.67928
5745.034  21.67659
5746.286  21.67557
5747.539  21.67944
5748.791  21.68875
5750.044  21.6904
5751.296  21.68534
5752.549  21.68361
5753.801  21.67752
5755.054  21.66551
5756.306  21.65642
5757.559  21.64211
5758.812  21.6256
5760.064  21.61051
5761.317  21.58558
5762.569  21.54996
5763.822  21.49286
5765.074  21.41342
5766.327  21.33275
5767.579  21.26503
5768.832  21.231
5770.084  21.24456
5771.337  21.29614
5772.589  21.37361
5773.842  21.45814
5775.094  21.52094
5776.347  21.56592
5777.599  21.58119
5778.852  21.59008
5780.104  21.59203
5781.357  21.58877
5782.609  21.57586
5783.862  21.53843
5785.115  21.4719
5786.367  21.39199
5787.620  21.31174
5788.872  21.24752
5790.125  21.21079
5791.377  21.22025
5792.630  21.26898
5793.882  21.3324
5795.135  21.39829
5796.387  21.44259
5797.640  21.44563
5798.892  21.43538
5800.145  21.3818
5801.397  21.39535
5802.650  21.43615
5803.902  21.46772
5805.155  21.47913
5806.407  21.47422
5807.660  21.47842
5808.913  21.48361
5810.165  21.48018
5811.418  21.47736
5812.670  21.47151
5813.923  21.46929
5815.175  21.4656
5816.428  21.46044
5817.680  21.44263
5818.933  21.4289
5820.185  21.42805
5821.438  21.42258
5822.690  21.41348
5823.943  21.40793
5825.195  21.39951
5826.448  21.39118
5827.700  21.38649
5828.953  21.37454
5830.205  21.36618
5831.458  21.36123
5832.710  21.34632
5833.963  21.33426
5835.216  21.3247
5836.468  21.32132
5837.721  21.32045
5838.973  21.31572
5840.226  21.30592
5841.478  21.29321
5842.731  21.28528
5843.983  21.27975
5845.236  21.2748
5846.488  21.26856
5847.741  21.26054
5848.993  21.25722
5850.246  21.25081
5851.498  21.23901
5852.751  21.23417
5854.003  21.23003
5855.256  21.22463
5856.508  21.22059
5857.761  21.21076
5859.014  21.18569
5860.266  21.14107
5861.519  21.06624
5862.771  20.96741
5864.024  20.86852
5865.276  20.79525
5866.529  20.76305
5867.781  20.77001
5869.034  20.81426
5870.286  20.88532
5871.539  20.95897
5872.791  21.02741
5874.044  21.09149
5875.296  21.14141
5876.549  21.18508
5877.801  21.22839
5879.054  21.2563
5880.306  21.25264
5881.559  21.19005
5882.811  21.02023
5884.064  20.70683
5885.317  20.31986
5886.569  20.14577
5887.822  19.91804
5889.074  19.78656
5890.327  19.74007
5891.579  19.75532
5892.832  19.64947
5894.084  19.72875
5895.337  19.82438
5896.589  19.95079
5897.842  20.14503
5899.094  20.41222
5900.347  20.7121
5901.599  20.95027
5902.852  21.05766
5904.104  21.08379
5905.357  21.07487
5906.609  21.07215
5907.862  21.07789
5909.115  21.06866
5910.367  21.02781
5911.620  20.95768
5912.872  20.88709
5914.125  20.83646
5915.377  20.8245
5916.630  20.85738
5917.882  20.91881
5919.135  20.9745
5920.387  21.0067
5921.640  21.00577
5922.892  20.98629
5924.145  20.96417
5925.397  20.94854
5926.650  20.92739
5927.902  20.88482
5929.155  20.83118
5930.407  20.77202
5931.660  20.72631
5932.912  20.71809
5934.165  20.76072
5935.418  20.83619
5936.670  20.9268
5937.923  21.01209
5939.175  21.07245
5940.428  21.09297
5941.680  21.07982
5942.933  21.05435
5944.185  21.03435
5945.438  21.01717
5946.690  21.00099
5947.943  20.97529
5949.195  20.93002
5950.448  20.87764
5951.700  20.82913
5952.953  20.81106
5954.205  20.83721
5955.458  20.89666
5956.710  20.97173
5957.963  21.05451
5959.216  21.105
5960.468  21.12692
5961.721  21.13743
5962.973  21.13921
5964.226  21.13305
5965.478  21.11804
5966.731  21.10318
5967.983  21.08638
5969.236  21.0705
5970.488  21.05272
5971.741  21.03646
5972.993  21.01507
5974.246  20.99934
5975.498  20.98393
5976.751  20.98298
5978.003  21.00986
5979.256  21.0547
5980.508  21.10724
5981.761  21.159
5983.013  21.19134
5984.266  21.20863
5985.519  21.21845
5986.771  21.22167
5988.024  21.2278
5989.276  21.2308
5990.529  21.22888
5991.781  21.22773
5993.034  21.22173
5994.286  21.20981
5995.539  21.19907
5996.791  21.19266
5998.044  21.18617
5999.296  21.17753
6000.549  21.16673
6001.801  21.15873
6003.054  21.16392
6004.306  21.17704
6005.559  21.20046
6006.811  21.23632
6008.064  21.27193
6009.317  21.29877
6010.569  21.32049
6011.822  21.33052
6013.074  21.33134
6014.327  21.33718
6015.579  21.34484
6016.832  21.35286
6018.084  21.35671
6019.337  21.36271
6020.589  21.36841
6021.842  21.3651
6023.094  21.35966
6024.347  21.34665
6025.599  21.33072
6026.852  21.32674
6028.104  21.32443
6029.357  21.3151
6030.609  21.31005
6031.862  21.30154
6033.114  21.29839
6034.367  21.3083
6035.620  21.32449
6036.872  21.34947
6038.125  21.37248
6039.377  21.38948
6040.630  21.40563
6041.882  21.41335
6043.135  21.41404
6044.387  21.41925
6045.640  21.42253
6046.892  21.42781
6048.145  21.42686
6049.397  21.42847
6050.650  21.43475
6051.902  21.44307
6053.155  21.4455
6054.407  21.43998
6055.660  21.43647
6056.912  21.43651
6058.165  21.43078
6059.418  21.4226
6060.670  21.41682
6061.923  21.41476
6063.175  21.41285
6064.428  21.40896
6065.680  21.40657
6066.933  21.41405
6068.185  21.41948
6069.438  21.42739
6070.690  21.43834
6071.943  21.45901
6073.195  21.46974
6074.448  21.46824
6075.700  21.47009
6076.953  21.48099
6078.205  21.48551
6079.458  21.48418
6080.710  21.48971
6081.963  21.48871
6083.215  21.49149
6084.468  21.49278
6085.721  21.4916
6086.973  21.49171
6088.226  21.49043
6089.478  21.48938
6090.731  21.48597
6091.983  21.47863
6093.236  21.46235
6094.488  21.44797
6095.741  21.43809
6096.993  21.42441
6098.246  21.41179
6099.498  21.398
6100.751  21.38233
6102.003  21.3683
6103.256  21.35393
6104.508  21.33582
6105.761  21.3081
6107.013  21.27846
6108.266  21.25057
6109.519  21.21862
6110.771  21.18581
6112.024  21.16669
6113.276  21.16991
6114.529  21.18378
6115.781  21.21072
6117.034  21.24928
6118.286  21.30086
6119.539  21.34622
6120.791  21.37774
6122.044  21.40289
6123.296  21.41842
6124.549  21.42558
6125.801  21.43178
6127.054  21.43442
6128.306  21.43985
6129.559  21.44326
6130.811  21.43716
6132.064  21.42277
6133.316  21.39705
6134.569  21.36809
6135.822  21.33526
6137.074  21.3004
6138.327  21.26425
6139.579  21.23421
6140.832  21.22024
6142.084  21.21558
6143.337  21.22652
6144.589  21.25133
6145.842  21.28571
6147.094  21.32105
6148.347  21.34455
6149.599  21.34713
6150.852  21.32601
6152.104  21.29078
6153.357  21.26485
6154.609  21.253
6155.862  21.24779
6157.114  21.2352
6158.367  21.21684
6159.620  21.20685
6160.872  21.21524
6162.125  21.24504
6163.377  21.28769
6164.630  21.32076
6165.882  21.32435
6167.135  21.29925
6168.387  21.2605
6169.640  21.23018
6170.892  21.22737
6172.145  21.2495
6173.397  21.29845
6174.650  21.3572
6175.902  21.40859
6177.155  21.45299
6178.407  21.48311
6179.660  21.49514
6180.912  21.50761
6182.165  21.50908
6183.417  21.51195
6184.670  21.50832
6185.923  21.50722
6187.175  21.51074
6188.428  21.51264
6189.680  21.50449
6190.933  21.49335
6192.185  21.48835
6193.438  21.4891
6194.690  21.49733
6195.943  21.50055
6197.195  21.48461
6198.448  21.43916
6199.700  21.38588
6200.953  21.33747
6202.205  21.30634
6203.458  21.31988
6204.710  21.36238
6205.963  21.40316
6207.215  21.43072
6208.468  21.44019
6209.721  21.42998
6210.973  21.41643
6212.226  21.42054
6213.478  21.44599
6214.731  21.46093
6215.983  21.4534
6217.236  21.42155
6218.488  21.36792
6219.741  21.31619
6220.993  21.28774
6222.246  21.30324
6223.498  21.3543
6224.751  21.42192
6226.003  21.48012
6227.256  21.5116
6228.508  21.45567
6229.761  21.29896
6231.013  21.08193
6232.266  20.86125
6233.518  20.68402
6234.771  20.57879
6236.024  20.5538
6237.276  20.59981
6238.529  20.69251
6239.781  20.80859
6241.034  20.93071
6242.286  21.03585
6243.539  21.13161
6244.791  21.22441
6246.044  21.31398
6247.296  21.38907
6248.549  21.44305
6249.801  21.46552
6251.054  21.41629
6252.306  21.2812
6253.559  21.07846
6254.811  20.87198
6256.064  20.71367
6257.316  20.64028
6258.569  20.6558
6259.822  20.73327
6261.074  20.84636
6262.327  20.95792
6263.579  21.03213
6264.832  21.07735
6266.084  21.12592
6267.337  21.19292
6268.589  21.26992
6269.842  21.34113
6271.094  21.38548
6272.347  21.39491
6273.599  21.387
6274.852  21.37709
6276.104  21.38844
6277.357  21.41444
6278.609  21.4457
6279.862  21.45828
6281.114  21.4042
6282.367  21.26304
6283.619  21.0771
6284.872  20.90772
6286.125  20.79745
6287.377  20.76941
6288.630  20.82886
6289.882  20.93996
6291.135  21.0116
6292.387  21.09967
6293.640  20.78918
6294.892  20.20707
6296.145  19.61818
6297.397  19.19324
6298.650  18.95316
6299.902  18.87843
6301.155  18.95498
6302.407  19.00314
6303.660  19.35197
6304.912  19.95349
6306.165  20.31067
6307.417  20.44994
6308.670  20.69852
6309.923  20.93151
6311.175  21.1659
6312.428  21.35825
6313.680  21.46774
6314.933  21.48769
6316.185  21.43894
6317.438  21.36329
6318.690  21.28773
6319.943  21.2248
6321.195  21.19353
6322.448  21.19459
6323.700  21.17698
6324.953  21.10439
6326.205  20.99259
6327.458  20.87629
6328.710  20.79618
6329.963  20.79919
6331.215  20.88911
6332.468  21.0395
6333.720  21.21848
6334.973  21.38807
6336.226  21.49631
6337.478  21.52792
6338.731  21.52809
6339.983  21.52442
6341.236  21.50024
6342.488  21.45789
6343.741  21.41094
6344.993  21.35822
6346.246  21.30303
6347.498  21.28456
6348.751  21.27986
6350.003  21.26581
6351.256  21.22752
6352.508  21.16109
6353.761  21.07113
6355.013  20.96944
6356.266  20.8213
6357.518  20.8185
6358.771  20.58905
6360.024  20.29551
6361.276  20.04675
6362.529  19.90311
6363.781  19.88941
6365.034  20.01535
6366.286  20.27701
6367.539  20.65999
6368.791  21.07619
6370.044  21.37289
6371.296  21.45172
6372.549  21.51899
6373.801  21.51327
6375.054  21.47369
6376.306  21.42983
6377.559  21.3919
6378.811  21.35946
6380.064  21.33602
6381.316  21.30954
6382.569  21.28346
6383.821  21.25563
6385.074  21.23542
6386.327  21.24481
6387.579  21.29372
6388.832  21.37492
6390.084  21.46016
6391.337  21.52276
6392.589  21.55781
6393.842  21.57699
6395.094  21.5931
6396.347  21.59443
6397.599  21.58218
6398.852  21.56871
6400.104  21.54204
6401.357  21.533
6402.609  21.53983
6403.862  21.55868
6405.114  21.59191
6406.367  21.6099
6407.619  21.61325
6408.872  21.59571
6410.125  21.56574
6411.377  21.53481
6412.630  21.50533
6413.882  21.48847
6415.135  21.49117
6416.387  21.49317
6417.640  21.48212
6418.892  21.47305
6420.145  21.4788
6421.397  21.49555
6422.650  21.5278
6423.902  21.5711
6425.155  21.60962
6426.407  21.63655
6427.660  21.65297
6428.912  21.6619
6430.165  21.66307
6431.417  21.66285
6432.670  21.66354
6433.922  21.66212
6435.175  21.65862
6436.428  21.65966
6437.680  21.66411
6438.933  21.67118
6440.185  21.67459
6441.438  21.66783
6442.690  21.65271
6443.943  21.64378
6445.195  21.63455
6446.448  21.609
6447.700  21.57874
6448.953  21.55337
6450.205  21.52908
6451.458  21.50184
6452.710  21.49406
6453.963  21.49193
6455.215  21.48537
6456.468  21.47126
6457.720  21.44345
6458.973  21.37736
6460.226  21.26844
6461.478  21.13671
6462.731  21.01707
6463.983  20.92386
6465.236  20.86073
6466.488  20.83347
6467.741  20.83993
6468.993  20.87294
6470.246  20.93253
6471.498  21.02135
6472.751  21.13164
6474.003  21.24517
6475.256  21.34291
6476.508  21.41111
6477.761  21.44924
6479.013  21.48856
6480.266  21.53594
6481.518  21.58819
6482.771  21.63797
6484.023  21.70278
6485.276  21.7323
6486.529  21.72721
6487.781  21.70677
6489.034  21.69004
6490.286  21.67291
6491.539  21.59255
6492.791  21.40489
6494.044  21.14747
6495.296  20.90382
6496.549  20.71497
6497.801  20.60282
6499.054  20.58905
6500.306  20.66292
6501.559  20.78381
6502.811  20.92079
6504.064  21.04917
6505.316  21.14901
6506.569  21.2458
6507.821  21.34562
6509.074  21.44483
6510.327  21.5158
6511.579  21.53941
6512.832  21.54659
6514.084  21.56196
6515.337  21.58073
6516.589  21.57818
6517.842  21.5242
6519.094  21.45557
6520.347  21.38389
6521.599  21.32755
6522.852  21.31874
6524.104  21.35612
6525.357  21.40634
6526.609  21.39957
6527.862  21.27475
6529.114  21.07854
6530.367  20.89516
6531.619  20.77174
6532.872  20.73986
6534.124  20.81175
6535.377  20.97067
6536.630  21.16396
6537.882  21.31265
6539.135  21.34653
6540.387  21.28362
6541.640  21.20316
6542.892  21.15942
6544.145  21.16491
6545.397  21.20641
6546.650  21.24062
6547.902  21.19998
6549.155  21.05959
6550.407  20.87455
6551.660  20.7245
6552.912  20.65559
6554.165  20.68559
6555.417  20.81467
6556.670  20.98661
6557.922  21.10562
6559.175  21.11159
6560.428  21.03834
6561.680  20.96045
6562.933  20.93384
6564.185  20.96655
6565.438  21.03029
6566.690  21.10868
6567.943  21.17824
6569.195  21.22918
6570.448  21.25306
6571.700  21.22321
6572.953  21.12414
6574.205  20.99009
6575.458  20.87071
6576.710  20.81266
6577.963  20.8411
6579.215  20.9523
6580.468  21.11414
6581.720  21.27278
6582.973  21.39777
6584.225  21.47457
6585.478  21.51154
6586.731  21.53912
6587.983  21.56652
6589.236  21.58405
6590.488  21.56561
6591.741  21.51414
6592.993  21.46075
6594.246  21.41644
6595.498  21.38339
6596.751  21.37183
6598.003  21.37111
6599.256  21.3412
6600.508  21.27686
6601.761  21.20809
6603.013  21.16127
6604.266  21.16584
6605.518  21.23491
6606.771  21.3399
6608.023  21.46722
6609.276  21.57646
6610.529  21.64386
6611.781  21.66737
6613.034  21.67477
6614.286  21.67445
6615.539  21.67182
6616.791  21.66773
6618.044  21.66247
6619.296  21.65089
6620.549  21.64908
6621.801  21.64859
6623.054  21.61639
6624.306  21.57482
6625.559  21.53986
6626.811  21.51329
6628.064  21.5055
6629.316  21.49015
6630.569  21.46211
6631.821  21.42691
6633.074  21.41616
6634.326  21.41736
6635.579  21.44438
6636.832  21.49485
6638.084  21.54733
6639.337  21.59076
6640.589  21.62262
6641.842  21.64453
6643.094  21.65618
6644.347  21.67119
6645.599  21.66637
6646.852  21.66088
6648.104  21.65433
6649.357  21.63874
6650.609  21.62531
6651.862  21.62236
6653.114  21.63937
6654.367  21.64285
6655.619  21.63081
6656.872  21.61485
6658.124  21.58857
6659.377  21.55392
6660.630  21.54432
6661.882  21.5486
6663.135  21.53498
6664.387  21.52484
6665.640  21.51519
6666.892  21.51055
6668.145  21.53036
6669.397  21.55987
6670.650  21.58903
6671.902  21.61613
6673.155  21.63072
6674.407  21.63109
6675.660  21.62379
6676.912  21.61403
6678.165  21.6193
6679.417  21.63272
6680.670  21.63311
6681.922  21.63261
6683.175  21.62709
6684.427  21.62235
6685.680  21.62562
6686.933  21.62779
6688.185  21.63402
6689.438  21.63813
6690.690  21.63957
6691.943  21.63675
6693.195  21.62483
6694.448  21.60737
6695.700  21.57929
6696.953  21.54584
6698.205  21.51776
6699.458  21.49606
6700.710  21.482
6701.963  21.47571
6703.215  21.46616
6704.468  21.44531
6705.720  21.43425
6706.973  21.43828
6708.225  21.454
6709.478  21.46943
6710.731  21.48492
6711.983  21.50523
6713.236  21.49565
6714.488  21.46563
6715.741  21.44533
6716.993  21.46007
6718.246  21.48592
6719.498  21.51523
6720.751  21.56166
6722.003  21.5988
6723.256  21.60404
6724.508  21.60545
6725.761  21.5964
6727.013  21.57957
6728.266  21.55385
6729.518  21.53891
6730.771  21.52896
6732.023  21.53014
6733.276  21.54149
6734.528  21.57047
6735.781  21.58516
6737.034  21.57051
6738.286  21.54353
6739.539  21.53228
6740.791  21.51443
6742.044  21.50208
6743.296  21.50736
6744.549  21.51811
6745.801  21.53904
6747.054  21.56123
6748.306  21.5801
6749.559  21.60002
6750.811  21.61662
6752.064  21.6164
6753.316  21.61721
6754.569  21.61032
6755.821  21.60533
6757.074  21.61813
6758.326  21.62606
6759.579  21.62833
6760.832  21.62808
6762.084  21.62583
6763.337  21.62865
6764.589  21.63359
6765.842  21.63468
6767.094  21.63829
6768.347  21.63275
6769.599  21.63546
6770.852  21.63747
6772.104  21.63615
6773.357  21.63704
6774.609  21.63425
6775.862  21.62989
6777.114  21.62532
6778.367  21.62674
6779.619  21.62453
6780.872  21.61235
6782.124  21.6008
6783.377  21.57998
6784.629  21.56552
6785.882  21.56298
6787.135  21.56588
6788.387  21.57406
6789.640  21.58775
6790.892  21.60258
6792.145  21.62177
6793.397  21.64092
6794.650  21.65088
6795.902  21.64976
6797.155  21.64835
6798.407  21.64762
6799.660  21.63235
6800.912  21.62799
6802.165  21.63172
6803.417  21.62552
6804.670  21.62351
6805.922  21.6246
6807.175  21.6282
6808.427  21.6183
6809.680  21.61345
6810.932  21.62302
6812.185  21.61769
6813.438  21.61142
6814.690  21.61212
6815.943  21.60858
6817.195  21.59711
6818.448  21.58616
6819.700  21.57808
6820.953  21.54455
6822.205  21.42693
6823.458  21.17244
6824.710  20.8065
6825.963  20.45641
6827.215  20.20562
6828.468  20.04898
6829.720  19.95061
6830.973  19.90849
6832.225  19.93156
6833.478  20.00999
6834.730  20.12701
6835.983  20.29169
6837.236  20.51232
6838.488  20.73823
6839.741  20.89543
6840.993  20.97131
6842.246  21.02002
6843.498  21.10135
6844.751  21.23343
6846.003  21.36806
6847.256  21.44918
6848.508  21.47962
6849.761  21.47149
6851.013  21.47108
6852.266  21.48615
6853.518  21.50994
6854.771  21.52241
6856.023  21.49532
6857.276  21.35689
6858.528  21.00952
6859.781  20.50998
6861.033  20.06285
6862.286  19.7964
6863.539  19.68803
6864.791  19.72959
6866.044  19.91178
6867.296  20.30703
6868.549  20.95216
6869.801  21.21103
6871.054  21.43323
6872.306  21.493
6873.559  21.56304
6874.811  21.64202
6876.064  21.63958
6877.316  21.50015
6878.569  21.31544
